0ˆolHm,$D¤ þø997,198.80
999,497.80
998,498.60
997,497.60
996,496.60
995,495.60
994,494.60
993,493.60
989,491.40
987,488.20
987,487.00
987,487.00
1005,494.20
998,502.20
981,491.20
1025,498.60
1012,519.80
1021,515.60
1006,515.00
1013,508.80
1016,514.20
1005,511.60
1016,509.40
1016,516.00
1035,523.60
1052,541.80
1060,555.20
1056,558.40
1033,546.80
1032,532.60
1004,520.80
984,496.00
1033,503.60
1005,521.80
1010,507.00
1060,530.00
1318,663.20
1168,758.00
878,552.00
901,387.20
927,411.40
997,455.00
1036,512.60
1014,527.20
1069,536.00
1052,562.20
1076,561.60
1059,569.20
1065,561.40
1130,591.00
1069,605.60
1120,589.40
1126,622.40
1145,633.60
1152,647.80
1152,652.00
1153,652.40
1105,633.80
1064,588.60
1034,552.00
1002,521.20
997,500.00
990,494.20
993,491.20
982,488.60
984,482.80
1013,495.60
1005,509.80
988,498.20
1023,502.00
969,501.40
988,476.60
1023,502.00
989,509.40
994,491.00
1011,500.80
985,500.60
994,488.60
986,490.80
989,487.20
992,490.20
997,494.00
999,497.80
1004,501.00
980,494.40
995,486.00
997,495.80
994,495.80
1004,498.00
980,494.40
1016,494.40
1004,511.20
1001,502.80
1023,509.80
1031,526.20
1038,533.80
1066,549.20
1036,554.00
996,520.00
1033,510.80
990,515.80
1026,504.40
983,508.80
1006,492.20
1036,518.00
1161,586.00
1370,744.60
886,676.40
873,380.80
901,384.20
970,428.60
1049,501.60
1035,543.40
1041,537.40
1061,549.00
1047,555.40
1064,553.80
1071,566.80
1077,573.40
1126,596.60
1092,612.40
1144,612.80
1152,647.20
1176,661.60
1154,667.20
1134,646.00
1154,642.00
1088,627.60
1060,576.80
1030,548.00
1007,520.80
973,493.40
978,475.00
987,481.60
981,484.60
993,485.80
996,494.20
996,496.00
1009,501.20
1010,509.40
1006,508.40
1006,506.00
993,500.80
1034,509.40
976,510.80
999,485.20
1025,509.40
984,508.60
986,484.80
1005,493.60
978,494.20
1004,488.40
1019,510.00
1009,515.00
998,504.60
1006,501.20
996,502.00
1014,503.20
1000,508.40
1011,504.40
997,505.40
1006,500.60
1026,514.00
1008,518.80
1004,506.40
1025,512.40
1017,521.80
999,509.80
1032,512.20
1035,533.20
1046,539.40
1064,553.20
1047,557.20
1043,545.40
1017,532.60
1028,521.40
989,512.40
1029,505.00
1004,519.00
1035,516.40
1097,559.80
1383,711.40
1021,738.20
856,455.00
930,385.60
994,455.60
1036,510.80
1040,537.60
1057,546.80
1065,560.20
1061,563.40
1093,573.80
1079,587.40
1097,586.20
1113,603.40
1098,607.00
1162,623.60
1152,658.00
1161,655.60
1180,668.60
1154,669.60
1165,658.40
1097,637.80
1077,589.00
1041,562.60
1013,529.80
1009,511.40
1014,511.00
994,506.00
970,484.40
1007,484.80
992,501.00
1002,496.00
1023,510.40
1038,529.00
1000,522.80
1001,500.40
1024,510.20
1006,516.80
995,501.60
1014,502.60
1022,517.20
977,504.00
1018,493.40
972,499.60
1010,487.20
985,500.00
1014,496.60
1017,515.20
996,508.60
995,495.60
1025,507.00
997,513.80
987,493.00
1021,500.60
1012,517.40
1019,514.80
988,506.60
1022,501.60
1008,516.40
1017,511.60
1014,515.80
1042,525.20
1041,541.60
1043,541.80
1073,555.00
1031,556.20
1021,527.00
1024,522.20
992,511.20
996,493.60
1007,500.40
1021,512.60
1035,526.60
1180,593.00
1358,751.20
894,672.40
891,392.80
929,406.20
964,443.00
1023,487.60
1041,530.20
1055,546.60
1064,558.60
1040,554.40
1078,555.20
1074,576.40
1100,584.40
1108,603.20
1129,616.40
1121,625.80
1137,627.40
1140,638.20
1167,650.80
1161,664.60
1118,643.80
1130,622.80
1061,602.40
1017,543.40
1001,510.60
1008,503.80
995,502.80
993,494.20
984,489.40
1002,491.20
998,500.40
1014,504.40
1008,511.60
1031,517.20
1007,521.40
997,503.00
994,495.80
1018,503.60
1007,513.60
1001,504.60
997,499.40
1013,503.40
995,505.80
994,494.60
1033,509.60
988,515.00
1010,496.80
1000,506.00
994,497.60
1029,508.00
999,517.00
1042,516.20
1018,532.40
1020,518.80
1047,530.80
1045,546.20
1054,548.60
1014,538.00
1008,511.60
993,502.00
993,493.00
997,494.60
994,495.80
1053,517.60
1216,618.20
1365,775.60
914,684.60
896,406.80
900,397.60
964,425.60
1031,490.80
1032,531.40
1035,533.20
1074,550.60
1047,563.20
1053,549.40
1088,567.00
1062,577.60
1116,583.60
1094,607.20
1128,607.60
1158,640.00
1152,655.60
1151,651.60
1148,649.80
1128,640.00
1077,607.60
1060,570.20
1021,544.40
1010,516.60
974,495.60
984,478.00
962,475.20
977,468.00
994,483.80
986,490.80
1005,493.60
976,493.40
1017,492.40
1014,515.80
981,500.80
987,483.40
974,481.80
1013,489.60
994,505.40
983,489.60
989,485.40
981,485.80
976,479.00
986,480.00
1007,494.40
1004,505.80
986,496.80
984,485.20
994,488.00
995,494.40
993,494.20
1006,498.20
1000,503.60
997,498.80
994,495.80
993,493.60
996,494.20
1017,504.40
1042,527.00
1052,546.00
1045,549.20
1011,531.40
997,505.40
987,493.00
999,491.80
981,491.80
997,487.40
984,491.80
1023,499.60
1166,580.20
1373,748.80
818,651.00
855,332.80
939,388.60
988,458.60
1017,499.60
1035,524.20
1018,528.20
1078,542.00
1067,573.60
1060,564.20
1073,565.20
1084,577.40
1092,587.20
1108,598.40
1117,611.60
1150,630.20
1163,655.20
1153,659.00
1163,657.00
1133,651.00
1093,617.00
1068,583.00
1021,549.20
992,509.40
981,487.60
970,476.60
1000,482.00
990,496.00
990,490.00
983,487.20
1011,494.20
1006,509.00
997,502.40
995,496.20
1013,502.20
1010,511.80
996,504.40
1034,511.20
975,510.40
1032,497.80
986,513.60
997,490.40
1001,498.60
993,497.80
1006,498.20
1011,508.00
1026,517.00
995,513.60
997,495.80
1025,508.20
985,509.00
994,488.60
1032,509.20
1032,532.00
1011,523.60
1029,518.20
995,515.40
1007,499.80
1016,510.60
1018,516.80
1066,537.20
1043,556.80
1059,549.40
1061,559.80
1030,548.60
998,517.20
1011,503.20
1016,513.00
1011,514.00
1014,512.20
1036,522.80
1084,555.20
1385,704.40
1040,747.00
874,473.60
924,394.00
962,439.20
1017,484.00
1049,529.80
1065,555.40
1061,563.40
1050,556.60
1071,558.40
1114,588.20
1074,598.00
1096,582.80
1108,600.80
1113,610.00
1161,632.20
1162,661.40
1179,668.80
1152,668.20
1141,647.60
1118,631.80
1072,599.60
1062,568.00
1010,541.20
1006,508.40
996,502.00
988,492.80
1004,494.40
990,498.40
994,491.60
1029,508.00
1000,517.40
1016,506.40
999,509.20
1018,506.60
1033,524.00
995,517.80
1000,497.00
1019,507.60
1004,513.00
1002,503.20
1014,506.80
997,507.20
988,493.40
1013,498.00
1012,512.60
1006,509.60
1021,512.00
1002,513.40
998,500.40
1023,508.00
1023,523.00
1026,524.20
1016,522.00
1025,519.60
1013,520.20
1043,525.00
1006,528.20
1022,512.40
1033,526.40
1016,526.20
1044,527.20
1040,542.40
1058,547.20
1052,555.60
1080,563.20
1044,565.60
1036,540.80
1017,528.40
1004,511.80
1030,514.40
1030,530.00
1036,532.40
1089,557.20
1318,680.60
1158,754.00
864,540.40
926,388.80
978,446.80
1022,495.60
1046,531.60
1061,552.00
1062,561.40
1070,565.20
1096,580.40
1085,591.60
1117,597.80
1118,617.40
1120,618.80
1144,629.60
1193,663.60
1168,683.00
1189,676.40
1191,689.80
1197,693.40
1134,671.80
1113,625.60
1076,598.20
1045,563.60
1047,545.80
1023,537.40
1019,521.40
1011,515.80
1050,526.60
1026,540.40
1061,540.00
1024,546.20
1046,532.80
1061,552.00
1035,550.60
1045,539.00
1041,543.40
1032,537.40
1053,540.40
1021,540.20
1038,527.80
1041,539.20
1035,538.60
1024,530.60
1058,537.60
1018,542.00
1023,520.00
1045,531.80
1052,547.80
1034,544.80
1055,542.40
1049,552.60
1093,566.60
1043,573.00
1081,558.20
1046,567.00
1020,535.60
1023,521.20
1018,521.00
1025,520.80
1017,521.80
1064,535.80
1216,624.80
1304,751.20
913,647.60
916,414.20
965,435.60
966,465.40
1053,500.80
1046,550.20
1045,545.60
1083,560.20
1076,580.20
1070,573.60
1079,573.60
1085,581.40
1096,589.40
1113,602.80
1148,627.00
1115,634.80
1177,639.80
1134,659.80
1117,627.20
1102,611.00
1080,593.20
1018,555.20
1019,518.40
984,505.00
990,486.40
969,481.60
969,469.00
982,474.20
994,486.80
996,494.80
990,493.60
981,486.40
987,483.40
988,487.40
973,482.00
1006,486.20
956,486.00
994,471.20
980,488.40
974,477.60
969,472.00
969,469.00
972,470.20
976,473.60
960,469.60
998,475.20
954,480.40
981,464.80
968,475.80
974,470.40
976,474.80
986,480.00
1001,492.00
998,499.80
985,492.80
1035,505.00
1019,528.60
996,509.80
956,480.00
964,459.20
970,466.40
978,473.20
965,472.80
994,476.60
1001,496.80
1272,609.40
1248,762.40
813,574.00
864,333.40
908,381.60
960,428.80
1014,481.60
1005,510.40
1021,511.40
1020,520.60
1047,530.80
1044,545.80
1077,557.20
1056,568.60
1077,564.40
1088,581.40
1125,602.80
1144,632.60
1150,646.40
1152,650.80
1132,644.00
1084,612.80
1068,577.60
1009,544.40
1016,511.80
976,500.00
982,478.40
962,474.00
973,466.40
968,471.00
983,474.00
975,479.80
1005,487.00
1010,507.00
994,503.60
993,493.60
1001,496.20
985,494.60
993,488.20
1014,501.40
990,504.40
1010,498.00
1011,510.40
975,496.60
987,479.80
978,483.40
1004,488.40
975,492.40
997,483.80
1005,500.20
1017,509.80
998,509.40
1004,500.40
994,500.00
1010,500.40
1006,508.40
1004,505.20
1005,504.40
988,498.20
1026,503.20
1044,533.20
1043,543.60
1070,553.80
1040,558.00
1010,528.00
994,503.60
1019,504.00
998,510.60
1009,502.40
998,504.60
1029,510.40
1102,558.20
1369,708.80
963,706.60
875,427.80
904,386.60
953,423.60
990,467.80
1028,505.20
1058,540.00
1068,562.00
1044,558.40
1070,554.40
1083,575.20
1110,593.80
1100,606.00
1114,605.60
1133,621.60
1120,627.80
1176,642.40
1165,671.60
1176,669.40
1121,654.00
1104,614.20
1085,596.40
1012,555.80
1046,525.60
989,523.20
976,483.80
995,483.60
1007,499.80
994,501.80
1008,499.60
1001,505.20
1019,508.20
1018,518.60
1026,521.20
1018,522.80
1011,515.20
996,505.00
1024,507.20
990,510.40
985,488.00
1033,504.20
996,518.20
1001,498.00
994,498.20
987,491.20
1004,493.80
1016,508.80
993,506.80
1005,497.80
1026,513.40
1005,517.60
1009,506.60
1009,509.00
995,503.40
1010,501.00
1007,508.80
1026,514.60
1008,518.80
1019,512.40
1013,516.60
1026,518.20
1050,535.60
1036,544.40
1042,538.40
1071,553.60
996,541.00
1018,504.80
1010,514.80
1012,510.80
1012,512.00
1016,513.60
1041,526.00
1116,571.00
1374,719.20
952,705.20
854,412.80
938,387.60
964,448.40
1022,487.20
1041,529.60
1053,545.80
1053,553.00
1050,551.80
1067,556.80
1079,571.80
1093,584.60
1097,594.60
1116,604.60
1131,622.00
1139,634.20
1155,645.40
1180,665.00
1177,678.80
1143,663.40
1118,633.00
1076,601.20
1038,560.80
1021,531.20
1014,518.20
1002,509.20
1000,501.20
1000,500.00
1031,512.40
1035,532.60
1034,534.60
1017,527.20
1052,531.00
1024,540.80
1033,527.60
1061,544.20
1038,551.80
1059,546.40
1049,555.00
1067,556.20
1054,561.80
1044,550.00
1088,561.60
1070,580.80
1074,571.60
1096,582.80
1082,590.40
1092,586.00
1121,603.60
1094,610.20
1126,606.80
1112,620.40
1137,622.00
1155,644.20
1129,644.60
1153,638.60
1166,658.20
1139,655.20
1172,652.20
1179,674.80
1198,686.60
1225,708.80
1218,722.20
1239,726.40
1251,743.80
1232,743.40
1244,736.80
1197,725.20
1217,705.00
1209,713.80
1217,712.20
1238,725.40
1272,751.60
1501,863.60
1474,990.20
1067,811.20
1145,598.20
1172,655.80
1232,696.00
1285,753.20
1283,784.20
1268,777.00
1285,774.80
1301,791.40
1302,801.40
1314,806.80
1313,813.60
1344,825.40
1317,833.20
1357,833.00
1367,861.00
1353,861.40
1340,847.80
1355,846.00
1270,821.00
1252,762.80
1205,733.20
1161,687.40
1139,652.20
1131,635.80
1124,628.20
1107,617.20
1127,615.00
1085,610.20
1103,592.20
1097,600.60
1084,591.80
1077,581.20
1085,580.20
1061,575.40
1046,555.00
1053,548.80
1032,544.60
1021,527.60
1021,521.00
996,511.00
1006,500.00
998,502.80
984,492.40
974,480.00
981,476.80
941,465.00
958,447.80
941,451.20
926,435.00
939,431.20
954,445.00
923,441.60
912,418.60
933,420.40
929,431.40
933,430.60
947,438.60
964,453.80
906,440.80
894,401.20
862,381.20
885,371.20
861,375.40
874,366.20
838,359.60
887,357.60
934,405.80
1181,532.80
912,573.40
680,319.20
754,209.60
791,268.80
820,302.60
855,334.00
887,367.80
867,379.00
882,373.00
900,389.20
893,397.20
929,407.40
890,413.40
929,405.60
927,428.20
947,435.00
970,456.20
973,471.20
984,477.40
994,488.00
951,476.80
960,454.60
896,434.40
864,383.20
840,354.40
826,334.40
827,326.40
849,335.80
840,345.40
834,337.60
825,330.40
864,340.60
856,360.80
866,360.00
852,360.40
862,356.00
872,366.00
865,369.20
882,371.80
877,380.00
864,371.80
894,376.00
873,385.60
901,384.20
881,393.00
890,384.60
918,401.20
902,411.60
863,386.40
926,388.20
936,430.00
928,432.80
939,432.40
960,447.40
975,466.00
945,463.00
935,441.00
916,427.40
913,414.80
946,426.20
923,436.80
962,438.60
942,454.00
982,458.00
1201,569.60
1086,655.00
782,464.40
826,299.60
875,345.60
963,410.20
987,472.60
995,490.20
1004,498.60
996,500.80
1031,510.00
1019,526.20
1050,531.40
1053,551.20
1082,564.60
1091,585.60
1092,591.40
1154,616.80
1137,647.20
1128,633.40
1132,629.60
1113,624.40
1102,608.60
1008,564.40
1018,512.00
981,503.20
1000,488.60
960,484.00
974,465.60
983,477.60
983,483.00
1001,490.20
1012,505.40
1004,508.80
1018,509.60
1026,521.20
1019,523.20
1005,513.40
998,502.20
1024,508.40
1025,524.40
990,511.00
1036,508.40
984,515.20
1025,500.40
1030,527.00
1007,520.80
1025,514.20
1025,525.00
1018,522.20
1026,521.20
1026,526.00
1020,523.60
1064,537.60
1055,560.40
1079,564.60
1090,583.40
1061,578.40
1053,557.80
1011,536.20
1023,515.80
1034,527.40
1040,536.40
1031,536.40
1071,547.00
1282,655.40
1214,754.80
851,568.80
926,381.00
958,438.80
1025,484.80
1059,538.60
1080,567.40
1080,580.00
1082,580.80
1106,591.60
1120,611.60
1130,624.00
1114,623.60
1154,630.00
1156,654.80
1174,663.20
1184,678.00
1209,694.00
1179,697.00
1202,688.20
1155,683.20
1114,638.60
1073,597.60
1069,571.40
1010,545.40
1033,519.20
1022,528.60
1043,530.40
1006,528.20
1040,519.60
1038,539.20
1032,535.60
1056,541.60
1042,550.40
1032,538.00
1036,533.60
1029,533.20
1026,527.80
1043,532.80
1044,543.40
1043,543.60
1020,533.80
1032,524.80
1048,538.40
1007,531.60
1052,525.00
1019,538.80
1007,514.20
1029,515.80
1018,524.60
1040,526.80
1026,534.40
1013,520.80
1041,524.20
1044,542.20
1050,546.40
1078,561.20
1083,580.00
1045,567.80
1034,540.60
993,517.60
1023,505.00
1006,516.20
1040,519.60
1060,548.00
1033,549.20
1240,615.80
1349,783.60
868,656.60
927,391.60
927,427.00
1001,456.60
1032,513.40
1057,542.00
1092,571.00
1061,579.60
1057,559.40
1073,563.40
1117,590.60
1106,612.60
1132,616.40
1109,622.80
1133,618.60
1160,643.80
1184,669.60
1179,682.00
1165,673.40
1119,646.60
1113,616.60
1043,585.00
1036,540.20
1012,526.40
994,504.80
1011,500.80
1007,509.40
1010,508.20
993,503.20
1008,499.00
1007,507.60
1023,513.40
1014,519.40
1012,513.20
1010,511.20
1023,515.20
995,511.80
1007,499.80
1013,509.40
1007,510.60
1008,507.40
993,502.00
1020,503.80
1004,513.60
1007,505.20
1022,513.00
998,512.40
1028,510.00
1004,518.40
1018,509.60
1050,530.80
1041,546.40
1055,546.60
1050,553.00
1050,550.00
1002,530.80
1007,504.00
1011,508.60
1017,513.40
1001,510.60
984,494.20
1071,518.80
1270,650.60
1236,756.40
867,588.40
888,375.40
932,405.60
993,456.40
1055,517.80
1043,550.20
1053,547.00
1058,555.00
1070,562.80
1090,578.00
1072,582.80
1093,580.40
1105,597.80
1133,616.20
1137,634.60
1173,651.40
1155,665.80
1153,654.20
1145,649.80
1121,635.40
1083,605.80
1033,563.00
995,517.80
1024,506.60
988,509.60
997,491.60
974,487.80
988,479.60
1016,499.20
1010,513.60
1000,506.00
1008,503.20
1038,520.00
997,521.60
1016,504.60
995,507.60
997,495.80
1019,505.80
996,509.80
997,496.40
1005,500.20
989,498.60
984,487.00
1019,498.00
1006,513.80
1000,503.60
988,495.20
1001,493.20
992,497.40
982,488.00
1014,494.80
1029,520.00
982,510.20
1026,499.60
1014,521.20
994,506.00
1026,506.80
1052,536.40
1058,554.40
1057,557.60
1046,552.60
1001,528.00
980,492.60
993,485.20
1011,500.20
1008,509.80
1034,518.40
1024,530.00
1173,583.60
1293,721.00
867,622.60
878,371.40
916,393.20
988,444.80
1023,502.00
1030,525.80
1047,536.80
1074,557.80
1068,571.60
1069,568.40
1086,575.80
1068,578.80
1104,582.40
1124,612.00
1170,642.40
1167,668.80
1134,653.80
1161,644.80
1158,659.80
1137,649.60
1098,621.40
1058,582.00
1021,543.20
1012,517.40
1004,508.80
984,496.00
994,488.00
997,495.20
970,486.20
1020,490.00
1000,512.00
1011,504.40
999,506.20
1016,505.80
998,508.80
1028,510.00
1023,526.00
988,509.00
1005,494.80
988,498.20
1005,494.80
995,501.00
1020,505.00
1000,512.00
1002,500.80
1010,505.20
997,504.80
1000,498.20
1019,507.60
1002,512.20
980,493.20
1002,488.80
1026,511.60
995,513.60
1024,506.60
1012,519.20
999,506.80
1034,513.00
1000,520.40
1025,510.00
1029,526.60
1034,531.00
1045,538.40
1045,545.00
1076,557.40
1045,563.60
1023,536.20
989,509.40
1012,498.20
1007,510.00
1013,509.40
1016,514.20
1046,528.00
1132,580.40
1384,732.80
917,697.20
874,399.80
912,389.20
996,445.60
1019,505.20
1046,529.80
1050,547.60
1062,554.80
1049,556.80
1083,562.60
1089,585.40
1069,581.00
1102,582.20
1106,603.60
1125,613.60
1133,628.20
1153,641.00
1160,655.80
1155,658.00
1120,641.00
1106,614.40
1069,591.20
1018,548.60
988,506.00
986,487.20
1001,492.00
966,487.00
1006,482.00
989,499.20
984,487.00
995,488.40
1018,504.20
993,508.00
1028,507.00
1004,518.40
987,497.20
1006,494.60
978,494.80
1001,487.20
1009,504.20
987,500.20
1011,496.60
957,489.40
992,471.00
1002,496.00
994,498.80
1005,498.40
983,496.20
1022,498.60
986,507.60
1001,492.00
992,497.40
1010,499.20
1012,510.80
995,505.20
1005,499.00
1018,510.20
1034,524.40
1044,538.00
1036,540.80
1042,538.40
993,522.40
1002,496.60
1023,510.40
990,509.80
1017,500.80
1007,513.00
1032,517.00
1084,552.80
1356,692.80
964,699.20
887,433.20
913,397.40
948,427.00
1008,472.00
1022,513.60
1058,536.40
1034,548.40
1101,560.80
1054,582.20
1093,569.60
1081,588.20
1095,586.60
1116,603.40
1110,613.60
1156,628.40
1143,650.80
1179,657.40
1146,665.80
1126,638.00
1101,616.00
1066,587.00
1057,562.40
1006,536.60
994,501.20
983,489.60
1002,490.60
994,498.80
1025,506.40
983,508.20
1013,495.00
1017,514.60
1022,519.00
998,512.40
1021,507.20
1005,514.60
1031,515.40
1018,525.80
1005,512.80
995,501.00
997,495.80
993,495.40
1019,503.40
997,510.20
1021,506.60
1006,515.00
1019,511.20
998,510.60
982,491.60
1014,494.80
1005,510.40
1005,505.00
1047,521.80
1013,533.40
1041,524.20
1046,543.00
1052,548.40
1033,544.40
1010,523.80
1009,509.60
1007,508.20
1001,504.60
999,500.20
1032,512.20
1020,527.20
1260,616.00
1306,778.40
873,632.80
875,373.80
926,395.40
999,455.20
1026,509.80
1041,532.00
1080,556.60
1045,566.00
1060,551.00
1079,567.60
1078,578.60
1104,588.40
1106,604.80
1138,618.80
1141,639.20
1157,647.40
1152,655.00
1163,656.40
1145,655.80
1124,636.60
1104,616.00
1048,581.60
1014,534.40
999,508.00
988,494.60
977,483.60
1001,486.60
988,495.80
996,491.20
994,495.20
1001,496.80
1011,505.00
1009,510.20
1019,513.00
1029,523.00
994,515.00
1010,500.40
1023,515.20
1002,514.60
1013,506.40
990,503.80
999,493.60
1018,506.60
1022,519.60
1007,516.00
984,497.80
1024,500.00
1000,514.40
997,498.80
1005,500.20
1017,509.80
987,505.00
1026,502.60
1011,520.00
999,506.20
1016,505.80
1033,522.80
1047,538.60
1059,551.80
1069,563.00
1012,546.20
1040,523.20
1007,526.80
1004,505.80
1000,502.40
1020,508.00
998,511.20
1044,516.40
1161,590.80
1364,742.20
844,656.00
902,367.20
896,399.60
994,435.20
1017,503.20
1046,528.60
1053,548.80
1061,556.20
1073,565.80
1062,568.60
1096,575.60
1088,592.80
1107,595.60
1130,616.20
1124,627.60
1154,636.00
1158,655.60
1186,669.20
1140,667.60
1127,634.80
1120,624.20
1052,592.80
1019,538.80
1014,517.00
972,497.20
1001,483.60
987,495.40
1005,494.20
987,497.80
1001,492.60
1004,502.20
1000,502.40
1013,505.20
988,503.00
1017,499.60
1007,513.00
998,503.40
1005,500.80
995,501.00
997,495.80
1004,499.80
1008,505.60
993,502.00
990,491.80
984,487.60
1004,492.00
996,500.80
999,497.20
1005,501.40
1018,510.20
982,503.60
996,487.60
1008,500.80
996,503.20
1001,498.00
1018,507.80
999,510.40
1007,502.20
1022,513.00
1025,523.20
1041,531.40
1049,544.20
1030,541.40
1009,521.60
994,503.00
995,494.40
1005,499.00
986,497.40
1014,497.20
1057,531.20
1262,639.00
1305,779.20
840,619.00
891,360.40
924,404.20
995,452.40
1008,500.20
1045,522.80
1050,547.00
1048,549.20
1054,550.40
1074,562.00
1082,577.20
1078,580.40
1108,590.00
1124,614.40
1108,617.60
1156,627.20
1160,657.60
1149,655.60
1132,642.20
1126,629.60
1093,612.80
1038,571.00
1023,532.00
1013,519.00
997,506.60
980,490.20
986,482.40
988,486.80
990,488.80
1016,500.40
992,506.40
1021,503.60
1006,515.00
1006,506.00
994,501.20
1008,499.60
1022,513.60
990,509.20
1000,494.00
984,493.60
1004,492.00
996,500.80
1004,499.20
998,501.60
1001,499.20
1011,505.00
995,504.60
1005,499.00
1023,512.20
1024,523.40
1042,531.20
1031,537.60
1018,525.80
1001,511.20
990,496.60
1020,502.00
995,510.00
997,495.80
994,495.80
1011,500.80
1089,542.20
1325,683.40
1020,703.00
889,467.60
889,389.00
956,415.80
1014,479.20
1030,520.40
1022,526.80
1071,541.60
1059,566.20
1064,561.00
1070,566.40
1074,571.60
1102,585.20
1117,608.00
1116,616.60
1119,617.20
1161,635.80
1163,661.80
1116,644.20
1110,613.60
1079,597.60
1045,565.40
1012,531.80
1021,515.60
978,503.80
1004,488.40
984,496.00
986,484.80
986,486.00
998,490.80
1016,505.20
994,507.20
1020,504.40
998,511.20
994,496.40
977,487.20
1014,491.80
996,506.80
984,491.20
1006,492.80
1008,506.80
997,503.60
978,489.40
1000,486.80
1011,504.40
1053,527.80
1052,552.60
1012,536.00
1005,509.20
1017,509.80
982,503.00
993,486.40
994,493.40
985,490.40
983,484.20
1031,502.20
1150,578.60
1293,707.20
900,635.80
902,400.80
888,396.40
956,415.20
1014,479.20
1022,517.20
1041,529.60
1033,537.80
1045,537.80
1035,541.00
1060,545.00
1077,566.80
1095,584.20
1128,608.20
1079,608.40
1138,602.60
1118,630.00
1160,634.80
1114,641.60
1095,606.40
1066,583.40
1014,545.20
1012,513.20
985,501.20
988,486.20
987,487.60
978,483.40
1013,492.00
977,498.60
1000,486.20
989,495.60
987,488.20
1008,495.40
1009,508.40
994,503.00
977,487.20
997,485.00
999,497.80
995,497.40
1002,497.80
1026,511.60
1014,521.20
1014,514.00
1037,523.20
1022,531.00
1033,526.40
1007,522.60
982,497.00
977,480.00
980,478.20
992,484.80
1017,502.00
1043,527.40
1191,602.20
1326,745.00
917,662.40
870,398.20
906,384.40
966,430.00
1042,496.40
1019,532.80
1043,528.60
1052,546.60
1045,549.20
1073,556.20
1082,576.60
1089,584.80
1097,592.20
1124,607.80
1125,624.40
1137,629.80
1145,640.20
1144,644.60
1134,640.00
1085,614.40
1078,582.20
1037,561.60
1005,524.20
988,498.20
1001,493.20
998,499.80
999,498.40
987,494.20
1011,496.60
1028,517.80
1008,520.00
1013,510.00
1019,515.40
1023,520.60
1007,516.60
1020,512.20
990,508.00
1019,501.60
1017,518.20
994,507.80
1004,498.00
1005,504.40
1016,509.40
1000,509.60
1029,511.60
1029,529.00
1042,534.20
1042,542.00
1059,548.80
1025,545.40
1012,519.80
980,499.20
1006,490.40
988,498.80
1014,498.40
1013,513.60
1047,526.60
1264,633.80
1305,780.40
809,606.60
888,340.60
935,406.80
973,450.20
1056,506.20
1036,548.00
1038,536.80
1055,544.80
1060,557.00
1070,564.00
1074,571.60
1094,582.00
1113,601.60
1104,609.40
1124,612.00
1148,633.60
1150,648.80
1156,652.40
1134,647.20
1121,628.80
1053,593.80
1021,540.20
1001,513.00
985,494.60
990,487.00
1008,497.20
985,498.80
964,476.60
1012,483.20
981,499.60
1002,489.40
990,497.20
1032,506.80
1008,522.40
997,503.60
1007,501.00
988,499.40
988,488.00
999,492.40
997,498.20
983,491.40
1001,490.20
985,494.60
988,486.20
977,483.60
1004,487.80
998,501.60
1006,501.20
1006,506.00
984,497.20
997,489.20
997,497.00
1001,498.60
980,492.60
1007,490.80
1017,511.00
980,502.20
997,486.80
988,493.40
1020,500.80
984,505.60
1007,493.20
993,501.40
1013,501.00
1014,513.40
1038,523.60
1002,523.60
1008,504.40
1007,507.60
1042,521.00
1050,545.20
1058,553.20
1056,557.20
1034,547.20
1006,522.80
1005,505.60
994,500.60
997,495.20
1021,506.60
1031,525.00
1074,548.20
1321,672.80
1155,754.60
808,516.20
899,344.40
954,421.00
1042,489.20
1022,534.00
1041,529.60
1046,543.00
1077,558.40
1061,570.60
1083,569.80
1082,582.60
1084,582.80
1124,600.00
1108,617.60
1124,614.40
1176,644.80
1134,659.20
1162,645.20
1120,645.20
1114,617.60
1045,586.40
1050,547.00
1019,537.60
986,505.80
988,486.80
995,490.80
980,489.00
980,480.00
992,484.80
998,494.40
1045,516.80
1006,529.40
1023,512.80
1020,521.80
1021,520.40
999,512.20
1008,502.60
1017,511.60
996,508.60
1005,499.60
1004,504.60
1017,509.20
1013,515.40
1009,511.40
1009,509.00
1013,510.60
999,507.40
1033,512.60
1008,523.00
1023,514.00
1006,516.20
1014,509.20
1022,517.20
1000,513.20
1035,514.00
1023,530.20
1034,527.40
1025,530.40
1009,518.60
1043,522.60
1025,535.80
1026,525.40
1029,527.20
1042,534.20
1033,538.40
1049,539.40
1066,555.80
1084,573.20
1047,569.20
1080,560.20
1056,570.40
1080,565.60
1046,566.40
1072,556.40
1060,567.20
1019,543.60
1065,537.40
1082,571.80
1152,610.00
1425,761.20
1092,791.80
936,529.60
980,453.60
1024,497.60
1086,548.80
1128,602.80
1119,624.40
1146,629.80
1100,627.60
1125,610.00
1170,643.00
1167,668.80
1176,670.60
1209,689.20
1205,707.40
1229,714.60
1233,730.60
1259,743.40
1227,746.20
1235,730.20
1196,719.40
1175,687.60
1090,641.00
1104,595.60
1071,590.80
1066,569.00
1061,564.00
1068,563.80
1113,586.00
1081,600.20
1077,579.40
1100,586.20
1089,595.60
1085,587.40
1090,587.00
1090,590.00
1073,583.20
1098,583.00
1082,591.60
1060,573.20
1088,571.20
1067,579.60
1074,569.80
1048,563.60
1055,550.80
1066,559.40
1070,567.60
1023,551.20
1070,541.80
1058,565.20
1052,555.60
1046,549.60
1058,550.80
1038,550.00
1043,540.00
1047,544.60
1055,550.20
1053,554.20
1046,550.20
1021,536.00
1044,530.20
1037,541.20
1012,527.00
1038,522.40
1032,535.60
1057,542.00
1065,560.20
1052,559.80
1049,550.80
1032,542.20
1025,529.20
997,513.80
1008,501.40
1008,508.00
985,498.80
1004,492.60
1057,525.20
1257,637.00
1234,747.80
795,558.40
888,332.20
936,407.20
965,447.60
1024,488.60
993,511.60
1042,512.60
997,524.00
1042,515.00
1045,543.20
1033,540.20
1055,541.80
1058,556.20
1044,552.40
1108,569.60
1098,604.00
1114,604.40
1117,615.20
1090,606.20
1092,590.80
1024,564.80
1019,522.00
954,493.00
946,450.80
946,446.00
937,442.40
932,435.00
930,431.20
929,429.60
950,437.40
920,438.00
949,431.60
962,454.20
941,453.60
964,450.20
945,456.40
956,449.40
942,450.40
930,437.20
948,437.20
937,443.60
936,436.60
935,435.60
927,431.80
946,434.60
935,441.60
941,437.40
945,442.60
948,446.20
941,445.20
948,443.80
951,449.20
927,441.40
949,435.80
948,448.60
960,452.80
968,463.20
934,454.40
952,441.20
952,452.00
974,460.80
959,468.00
968,462.60
964,466.40
971,466.80
960,466.60
962,460.80
978,468.40
988,482.00
994,490.40
1012,501.20
984,500.80
973,479.60
988,479.00
949,472.40
964,455.00
983,471.60
974,479.40
964,470.00
1019,486.00
1118,558.60
1320,698.80
866,638.40
861,364.00
872,365.40
950,403.20
1005,472.00
994,500.60
1025,506.40
1034,528.60
1030,532.40
1047,536.80
1067,555.00
1066,566.60
1069,567.20
1080,573.40
1113,593.20
1126,618.20
1142,632.40
1122,634.00
1127,624.00
1121,624.60
1090,608.60
1041,570.40
1019,532.20
990,507.40
957,476.80
978,465.40
970,474.80
994,479.60
981,488.80
987,483.40
975,482.20
997,483.80
993,495.40
1001,496.20
994,498.20
1001,496.80
988,495.80
995,490.80
997,495.80
1005,500.20
988,498.20
1026,503.20
977,506.40
1001,486.60
998,499.80
1017,505.60
1029,521.80
984,511.00
1006,492.80
1002,504.40
986,495.60
1028,502.80
1007,519.60
998,503.40
1029,510.40
1008,520.60
1038,520.00
996,521.20
1036,512.00
1036,536.00
1105,563.60
1038,578.20
1053,544.00
984,525.40
1021,498.80
1018,519.80
1004,512.40
1032,515.20
1034,532.80
1110,564.40
1365,712.00
1042,735.80
882,478.00
933,402.40
958,443.00
1033,488.00
1059,543.40
1046,553.80
1069,555.20
1053,562.60
1110,575.80
1094,603.60
1097,595.20
1120,606.20
1115,618.00
1161,633.40
1155,658.60
1194,670.60
1149,676.00
1162,654.20
1142,654.00
1127,636.00
1059,599.80
1025,545.40
1045,533.00
992,523.80
998,494.40
1002,499.60
1007,504.00
1014,509.80
1012,513.20
1029,518.80
1059,541.00
1017,542.20
1017,517.00
1034,523.80
1018,527.60
1023,520.00
1016,520.20
1013,514.80
1025,517.80
1008,518.20
1026,515.20
1005,517.60
1004,504.60
989,498.00
1018,500.60
1032,523.60
1022,528.00
1014,518.80
1031,520.80
1005,520.60
1026,513.40
1029,527.20
1022,526.20
996,511.60
1025,507.60
1037,529.80
1007,525.00
1056,526.60
1041,550.00
1081,557.00
1052,569.40
1052,552.00
1019,538.80
1018,518.60
1008,514.00
1007,507.60
1022,513.00
1054,534.80
1082,565.20
1403,710.40
1014,747.40
874,458.00
909,388.00
982,438.20
1024,498.80
1061,538.80
1067,563.40
1038,555.40
1053,544.00
1066,558.20
1090,575.60
1115,600.00
1126,619.40
1116,622.00
1136,624.00
1139,637.20
1178,654.60
1174,676.40
1150,664.40
1144,647.60
1128,637.60
1076,607.20
1046,564.00
1008,530.80
1016,511.20
986,504.00
996,490.00
1011,502.00
1002,507.40
1001,501.60
999,500.20
1018,506.60
1004,512.40
1008,505.60
1045,522.80
1008,530.20
1007,507.60
1012,509.00
1008,510.40
997,503.60
1010,502.20
1017,512.80
996,508.60
983,490.80
1012,494.60
1013,512.40
1012,512.60
990,503.20
1012,498.80
1008,510.40
1005,506.80
1014,508.60
1008,511.60
1019,512.40
1007,514.20
1026,514.60
1008,518.80
1021,513.20
1022,521.40
1043,530.40
1028,537.00
1092,553.60
1053,576.40
1033,545.00
1000,519.80
993,497.20
1014,501.40
1010,512.40
1005,508.00
1006,505.40
1053,524.80
1280,643.80
1223,757.20
856,576.20
892,370.40
953,416.40
1025,481.80
1026,525.40
1050,535.60
1061,554.40
1032,549.40
1077,550.00
1080,578.20
1096,586.40
1096,596.00
1098,596.80
1133,612.00
1141,636.20
1158,647.80
1158,658.00
1154,656.40
1129,644.00
1127,628.20
1086,610.60
1043,568.80
1019,533.40
997,510.20
994,495.80
993,493.60
987,490.60
994,489.80
996,494.80
1000,497.60
1001,500.40
1016,507.00
1014,515.20
1002,509.20
1004,502.80
1005,504.40
1004,504.60
1012,507.20
1008,510.40
1010,508.80
1002,506.80
987,496.00
1024,501.80
1004,516.00
974,492.00
1017,491.20
1009,513.80
995,503.40
998,496.20
1005,500.80
997,501.80
1012,503.00
1033,520.40
1014,525.40
1035,522.40
1019,528.60
1025,521.40
1058,538.20
1061,559.20
1022,545.40
1012,518.00
1006,509.60
1009,507.20
1013,510.60
1023,517.00
1018,521.00
1094,548.40
1306,678.80
1173,752.80
886,558.20
905,393.60
956,425.40
1010,477.60
1060,530.00
1044,553.60
1070,554.40
1064,567.60
1078,569.60
1120,594.80
1109,615.60
1118,612.60
1126,621.20
1137,630.40
1165,648.20
1184,672.60
1192,687.20
1182,688.00
1168,676.40
1154,662.40
1103,633.60
1067,588.60
1056,562.60
1045,551.60
1043,544.20
1023,535.00
1055,535.80
1043,550.20
1040,541.80
1068,551.20
1041,557.20
1078,555.80
1079,578.40
1061,571.80
1035,550.60
1081,553.40
1059,572.20
1057,558.20
1070,562.20
1060,566.00
1095,574.00
1055,579.00
1043,550.20
1066,552.20
1077,570.40
1052,567.00
1055,553.20
1100,573.00
1092,596.80
1056,577.60
1072,562.40
1084,576.80
1085,584.40
1094,588.60
1090,592.40
1117,600.80
1112,615.00
1141,623.60
1114,630.20
1055,590.40
1059,556.60
1068,562.60
1062,565.60
1072,566.00
1078,574.40
1064,572.40
1250,638.40
1412,814.80
894,704.80
929,408.00
978,448.60
1035,500.80
1085,555.00
1095,589.00
1083,590.20
1101,590.20
1088,595.80
1115,598.80
1121,617.40
1117,619.40
1142,627.00
1160,649.20
1144,653.60
1176,656.80
1193,682.80
1176,686.20
1146,664.00
1132,640.40
1120,627.20
1047,590.80
1030,540.20
996,516.40
987,492.40
988,487.40
976,483.20
1005,487.60
996,501.40
1005,499.60
1007,505.80
988,499.40
988,488.00
995,490.80
1000,497.00
992,496.80
987,490.00
974,481.80
1000,484.40
975,490.00
976,475.40
960,469.60
987,470.80
968,479.40
947,459.60
965,454.20
976,469.40
965,471.60
941,455.40
958,447.80
953,456.00
974,461.40
958,467.60
969,462.40
970,469.40
969,469.60
936,455.80
975,451.60
960,469.00
948,455.20
959,452.40
981,467.80
998,487.80
995,496.80
1007,499.80
968,491.40
970,468.80
953,463.20
936,446.20
968,448.80
940,456.80
950,444.00
960,454.00
1000,476.00
1260,604.00
1114,701.60
798,487.60
822,307.60
863,338.40
954,399.40
974,462.00
988,479.60
1006,495.20
1004,505.20
993,499.60
1024,505.40
1022,523.20
1042,530.00
1050,545.20
1074,559.60
1068,571.60
1097,579.60
1084,591.80
1134,604.00
1076,610.80
1080,577.60
1008,551.20
1007,507.60
966,490.60
958,462.80
936,449.20
958,444.80
925,444.80
939,430.60
965,449.40
957,461.80
974,463.80
965,470.40
956,461.40
962,458.40
961,461.60
977,467.40
948,465.40
978,460.00
957,469.60
957,457.00
962,459.00
980,469.20
961,472.40
982,469.40
970,477.20
960,466.00
983,469.20
965,475.80
952,459.80
988,466.40
996,491.20
959,481.20
982,468.20
975,479.20
995,483.00
987,491.80
993,489.40
987,490.60
987,487.00
988,487.40
998,492.00
981,491.20
974,478.20
1013,489.60
995,505.80
1019,504.60
1041,527.80
1047,543.40
1055,550.20
1035,547.00
1018,528.20
1007,513.60
986,498.60
1013,496.80
996,506.20
983,490.80
1052,510.60
1163,596.40
1352,738.60
917,678.00
875,400.20
915,391.00
992,445.80
1021,503.60
1013,517.80
1046,526.20
1059,551.20
1053,556.60
1091,568.20
1065,580.60
1082,571.80
1107,592.00
1121,612.60
1142,629.40
1138,640.40
1163,648.00
1157,660.60
1179,665.80
1139,663.00
1089,619.00
1061,577.80
1034,550.20
1004,522.00
1030,514.40
987,512.80
977,483.00
1006,488.60
1004,505.20
1001,502.80
1016,507.00
1009,513.20
1021,513.80
1036,527.00
1019,529.20
1019,519.00
1005,513.40
1022,511.80
1010,517.20
1006,508.40
1007,506.40
1035,518.20
988,516.20
1012,497.60
1022,516.00
1002,514.00
1036,515.60
1016,528.00
1009,513.20
1025,515.40
1014,520.60
1013,513.60
1010,511.80
1033,519.20
1054,541.40
1025,542.40
1048,534.20
1085,562.80
1060,575.00
1008,539.20
1020,512.80
1013,517.20
1021,516.20
1008,515.80
1021,513.20
1030,524.60
1228,609.20
1360,780.80
876,666.40
918,392.80
906,413.20
974,433.20
1069,512.00
1052,562.20
1066,557.60
1055,561.60
1083,566.20
1094,587.40
1085,590.40
1106,593.40
1124,613.20
1137,629.20
1139,637.80
1158,646.60
1175,664.80
1165,671.00
1166,665.40
1148,658.80
1088,624.00
1045,570.80
1042,543.80
1029,536.80
985,511.40
1007,493.80
980,496.20
1025,498.00
1006,517.40
1025,513.60
1018,522.20
1042,527.60
1004,526.80
1001,502.80
1025,510.60
1036,529.40
1002,522.40
1011,505.60
993,503.80
1006,498.20
1006,506.00
999,503.20
1018,506.60
1014,516.40
1000,508.40
1008,503.20
1018,512.00
996,509.20
1020,505.60
1001,512.40
1014,506.20
997,507.20
1031,510.60
1033,531.80
1034,533.40
1050,540.40
1047,548.80
1021,536.60
1024,522.20
983,507.60
1008,493.00
1023,514.00
994,511.40
1029,508.00
1034,531.00
1317,647.20
1222,779.00
821,561.60
884,346.20
948,409.60
994,466.40
1043,513.60
1049,545.40
1064,555.00
1056,560.80
1073,562.80
1080,575.80
1073,577.20
1104,585.40
1098,601.60
1120,606.80
1133,625.20
1174,649.40
1156,666.80
1148,652.80
1143,646.00
1121,634.20
1076,603.00
1036,560.00
1013,526.80
1013,513.00
984,501.40
983,483.60
1008,493.00
968,492.00
1006,483.20
1000,503.60
1022,508.80
1004,514.80
1025,512.40
1014,520.60
1019,516.00
1010,515.40
1017,512.80
994,507.80
1028,507.60
1001,517.20
997,499.40
1000,498.20
1012,504.80
985,501.20
1014,496.60
1016,514.80
1021,518.00
998,511.80
1031,511.20
1012,523.40
997,506.00
1014,503.80
1019,516.00
1005,513.40
1047,521.80
1026,538.60
1013,520.80
1059,531.40
1055,557.40
1076,563.40
1058,568.80
1038,550.00
997,521.60
1012,503.00
1020,515.20
1024,521.60
1047,533.20
1024,537.80
1201,594.80
1359,764.20
870,663.40
881,374.40
929,400.20
1014,463.00
1067,535.20
1046,558.60
1049,547.20
1061,553.80
1071,565.00
1091,579.00
1112,599.40
1106,609.60
1100,603.60
1116,606.40
1150,629.60
1149,649.60
1174,659.00
1164,670.00
1134,652.00
1142,637.20
1085,619.20
1070,579.00
1060,566.00
994,533.60
1005,498.40
1004,504.60
995,500.40
981,489.40
1014,494.20
1017,515.20
1009,513.80
1006,507.80
1013,508.80
1005,509.80
1002,503.80
1006,503.60
995,501.60
993,494.20
1007,498.60
1004,505.80
986,496.80
1007,494.40
984,497.80
984,484.00
1008,493.60
1029,516.40
989,513.00
989,489.00
995,491.40
987,491.80
1000,492.20
989,495.60
1030,505.40
988,513.20
993,490.00
1005,497.80
1000,503.00
1029,511.60
1026,527.80
1023,524.80
1049,533.40
1036,543.80
1009,525.20
1012,510.20
1007,510.00
987,499.00
1011,496.60
989,502.20
1033,506.60
1121,568.20
1354,714.20
980,704.40
905,450.00
901,403.40
959,424.20
1007,478.20
1043,521.40
1040,541.80
1047,542.80
1062,553.00
1070,565.20
1080,574.00
1069,575.60
1116,587.80
1094,607.20
1139,612.00
1115,629.40
1158,632.20
1140,650.80
1140,640.00
1114,629.60
1115,614.40
1058,592.20
1037,549.60
1001,522.60
1002,501.40
992,498.00
995,493.20
1000,497.00
990,496.00
1017,500.80
1006,512.60
1024,513.20
994,512.00
1011,500.80
998,505.80
1045,516.80
1002,527.80
1041,517.60
988,519.80
1010,496.80
1002,506.80
999,500.80
1010,503.40
1012,510.80
1009,510.80
998,504.60
1009,502.40
996,503.80
1022,506.40
1007,516.00
1009,507.80
1013,510.60
1012,512.60
1013,512.40
1019,515.40
1000,511.40
1025,510.00
1038,530.20
1056,545.20
1055,555.60
1041,549.40
1043,541.80
1005,527.80
993,500.20
1017,502.60
998,509.40
1008,502.00
1042,521.60
1102,566.00
1364,706.80
1042,735.20
861,469.60
911,381.00
970,434.60
1014,487.60
1078,539.60
1052,567.60
1041,547.60
1055,546.60
1047,551.80
1120,576.20
1093,609.20
1119,603.40
1117,618.20
1125,620.20
1144,632.60
1166,652.80
1164,665.20
1155,660.40
1142,649.80
1109,628.80
1055,587.40
1040,549.00
1009,527.60
988,500.60
984,486.40
994,488.00
1005,498.40
997,501.80
988,493.40
1029,504.40
998,516.60
998,498.00
1010,502.80
1022,514.80
1013,518.40
1023,517.00
1019,521.40
996,509.80
1007,500.40
1018,511.40
989,506.40
996,491.80
1019,505.20
1012,516.20
1013,512.40
1033,521.00
1006,522.20
1022,512.40
1007,516.00
977,495.00
1032,499.00
1005,521.20
1009,506.60
983,498.60
1008,493.00
1019,512.40
1007,514.20
1018,511.40
1052,531.60
1007,534.00
1035,518.20
1049,540.60
1056,551.80
1066,560.00
1055,561.60
1030,545.00
986,512.40
1006,494.00
1050,523.60
1006,532.40
1018,510.80
1043,528.00
1120,573.80
1402,732.80
956,723.60
856,416.00
935,387.60
965,447.00
1047,497.80
1053,549.40
1036,546.20
1070,549.60
1045,560.00
1086,561.40
1089,587.20
1093,590.60
1104,597.40
1127,613.20
1122,625.00
1169,640.80
1161,665.80
1155,658.60
1179,664.60
1137,662.20
1118,629.40
1082,603.60
1026,559.60
1023,524.80
1017,520.60
989,505.80
978,484.60
1005,488.80
987,497.80
1002,493.00
1021,509.60
1025,522.60
1007,517.80
1025,514.20
1022,523.80
1010,517.20
1031,518.40
1001,519.00
1008,503.80
1016,511.20
1031,522.00
986,513.00
983,484.80
990,485.80
993,491.20
1008,499.00
1042,521.60
963,510.40
1001,478.20
997,499.40
1020,506.20
994,509.60
1020,504.40
1001,512.40
1002,501.40
1007,504.00
1019,511.80
1005,513.40
1013,508.20
1009,511.40
1025,515.40
1045,533.00
1053,548.20
1052,552.60
1025,541.20
1045,533.00
1026,537.40
1006,518.00
1004,505.20
1002,503.20
1022,510.00
1028,524.40
1172,585.60
1346,741.60
894,665.20
894,394.00
912,401.20
971,435.60
1032,495.40
1042,536.00
1044,542.80
1065,552.40
1060,563.00
1053,557.20
1082,564.60
1080,581.20
1100,588.00
1115,606.00
1124,618.60
1124,624.00
1152,635.20
1160,655.20
1133,649.20
1138,635.00
1097,621.60
1067,585.00
1018,547.40
1018,518.00
981,503.20
1016,495.00
975,499.60
1012,489.80
983,500.40
1000,489.80
995,498.00
1005,499.00
1002,503.80
1011,505.60
997,505.40
995,496.20
998,496.20
1007,501.60
1013,509.40
989,503.40
1002,494.20
1000,501.20
988,495.20
1001,493.20
997,499.40
1012,503.00
999,506.80
1001,499.80
986,495.00
1001,492.00
1004,502.20
1022,511.20
1030,525.20
1007,520.80
998,503.40
1025,508.80
1013,520.20
1045,525.80
1037,541.80
1066,548.60
1043,556.80
1022,534.60
1005,515.20
1006,505.40
1013,508.80
998,507.00
1004,500.40
1031,514.80
1079,550.20
1366,693.80
1020,727.60
878,463.20
897,385.60
969,425.80
1044,499.00
1029,538.00
1055,539.40
1058,556.20
1036,549.20
1067,548.40
1081,572.60
1083,581.80
1091,586.20
1101,595.00
1127,611.40
1152,637.00
1155,653.20
1139,648.60
1127,634.20
1133,629.40
1114,625.40
1046,586.80
1017,534.40
988,505.40
996,491.20
976,488.00
978,476.80
978,478.00
996,485.20
992,494.40
995,493.20
992,493.80
1000,495.20
993,497.20
1014,501.40
1019,516.00
969,499.00
987,476.20
1000,492.20
1009,503.60
980,497.40
1012,492.80
977,498.00
1019,493.80
968,498.60
1001,481.20
1000,500.60
1008,503.20
1000,504.80
974,489.60
1010,488.40
977,496.80
1008,489.40
1013,510.00
997,506.60
1005,500.20
1001,503.40
1014,506.20
1014,514.00
1022,517.20
1032,526.00
1052,540.00
1035,545.20
1053,542.20
1048,551.00
1006,531.20
1004,505.20
1020,510.40
1019,519.60
1006,513.80
989,499.20
1053,514.60
1234,625.40
1331,772.80
846,637.00
868,354.80
933,394.00
1002,460.60
1035,515.20
1040,537.00
1073,553.20
1034,557.40
1073,549.60
1084,577.40
1090,586.40
1086,588.40
1106,594.00
1107,606.40
1156,626.60
1170,661.60
1163,667.20
1158,661.00
1146,653.20
1127,638.40
1102,617.00
1050,581.20
1023,539.20
990,509.80
974,483.60
998,483.60
986,493.20
1000,491.60
1001,500.40
1001,501.00
1012,505.40
1033,520.40
1000,519.80
1019,507.60
999,511.00
1007,502.20
1007,507.00
1004,505.80
1008,505.60
983,498.00
973,479.00
997,482.60
984,491.80
998,489.60
1000,498.80
987,494.80
986,486.60
983,484.80
997,488.60
1019,505.80
977,502.20
1017,493.00
970,498.20
995,480.00
997,495.80
1014,503.80
1044,526.00
1021,534.80
1046,531.00
1022,536.40
1033,526.40
1013,525.00
1007,510.60
986,498.60
1004,493.20
974,492.00
1001,484.80
1043,517.80
1206,608.20
1312,748.40
870,635.20
889,377.60
905,395.40
985,437.00
1014,496.60
1028,519.60
1038,532.00
1045,540.80
1067,553.80
1056,562.60
1077,564.40
1094,583.80
1068,583.60
1116,587.20
1120,617.60
1149,631.60
1156,651.80
1146,652.00
1128,638.80
1116,623.20
1079,601.20
1054,569.00
1029,544.00
1011,521.80
993,503.80
997,494.60
994,495.80
1008,499.60
995,502.80
1001,497.40
1012,505.40
1030,519.20
1022,526.80
1011,517.60
1029,518.20
1032,530.20
1006,521.60
1038,518.80
1026,533.20
1024,525.20
1022,523.20
1022,522.00
1026,523.60
997,514.40
1054,519.80
1026,542.80
1040,531.60
1057,546.80
1024,543.80
1059,538.00
1091,571.80
1072,583.40
1070,571.20
1035,556.00
1006,523.40
1028,514.80
1041,533.20
1014,530.20
1026,518.80
1050,535.60
1212,614.80
1380,779.20
897,686.80
911,402.60
938,421.80
980,454.80
1056,510.40
1076,564.00
1053,566.80
1077,562.60
1066,572.60
1093,576.80
1107,598.60
1089,599.80
1106,595.80
1126,614.00
1143,632.80
1146,644.20
1179,659.20
1158,670.60
1162,659.60
1133,650.40
1092,616.60
1060,579.20
1023,545.20
986,508.20
1004,493.20
1012,507.20
999,506.80
987,494.20
1007,495.00
1006,506.60
1010,507.60
1000,506.00
1007,502.80
1019,511.80
1012,516.20
1029,518.80
1012,522.20
993,504.40
996,494.20
1004,499.20
1011,506.80
1005,508.60
999,502.60
983,492.60
1020,497.80
974,501.60
1019,492.00
998,510.60
1007,501.60
988,499.40
998,492.00
996,497.20
1024,507.20
1036,528.80
1055,543.60
1050,553.00
1036,544.40
1010,525.60
1014,511.60
978,499.60
998,486.00
1007,501.60
1008,507.40
1014,510.40
1080,540.40
1347,686.80
1108,751.40
827,495.60
911,360.60
948,425.80
1035,482.80
1044,538.60
1047,545.20
1050,548.20
1057,552.80
1058,557.40
1102,575.60
1092,598.00
1102,596.00
1128,612.40
1114,622.40
1152,629.20
1157,654.00
1172,663.00
1172,672.00
1144,660.80
1104,628.00
1076,592.80
1024,555.20
1023,523.60
1000,513.80
1019,507.60
983,504.60
998,489.00
1018,506.00
1013,516.00
994,505.40
1036,510.80
1021,530.00
1007,515.40
1025,514.20
1006,517.40
1022,512.40
1023,522.40
1002,514.60
1000,501.20
993,497.20
1005,497.80
1026,513.40
1008,518.80
1008,508.00
1005,506.80
1005,505.00
1005,505.00
1018,510.20
1006,513.20
1019,511.20
995,509.40
1013,502.20
1011,512.20
1021,515.00
997,511.40
1019,505.80
1014,517.00
1030,520.40
1036,532.40
1062,546.40
1058,560.40
1032,547.60
1017,526.00
1014,515.80
1005,510.40
1006,505.40
1002,504.40
1042,518.00
1053,546.40
1308,655.00
1150,744.80
837,524.80
904,363.80
953,423.60
1019,479.40
1012,516.20
1059,530.80
1052,556.20
1070,559.20
1066,568.40
1064,565.20
1067,565.20
1092,577.00
1118,602.40
1119,618.40
1158,634.60
1161,659.20
1156,659.00
1151,654.00
1161,655.00
1112,641.40
1074,596.80
1032,557.20
1011,523.60
1002,507.40
1008,504.40
974,494.40
974,474.00
999,484.00
995,497.40
1017,503.80
1008,513.40
993,502.00
1023,505.00
1006,516.20
1033,516.80
1007,522.60
989,499.80
993,490.60
1001,496.20
980,492.60
1019,495.60
1001,511.80
965,486.60
999,478.60
1005,501.40
1005,505.00
999,502.60
1000,499.40
996,498.40
984,491.20
1006,492.80
1011,508.00
987,501.40
1005,494.20
1007,505.80
1014,509.80
1005,510.40
997,501.80
1018,505.40
1041,527.20
1040,540.60
1043,541.20
1023,535.00
1010,517.80
1002,506.80
1007,504.00
968,491.40
986,475.20
1006,494.00
1022,512.40
1156,575.60
1273,702.80
885,617.80
873,380.20
905,385.80
950,423.00
997,468.80
1035,512.20
1041,537.40
1022,533.40
1054,534.80
1060,556.40
1074,565.60
1067,571.20
1107,583.00
1088,599.40
1102,593.60
1131,613.60
1130,630.60
1137,632.80
1145,640.20
1107,629.80
1059,587.80
1054,557.00
1013,537.60
993,505.00
974,485.40
996,482.80
989,493.20
970,481.40
1008,485.20
996,503.20
1004,499.20
990,498.40
999,493.60
1000,499.40
1005,502.00
997,501.80
1008,501.40
1000,504.80
986,494.40
987,486.40
981,484.60
987,483.40
998,491.40
995,496.80
1007,499.80
981,496.60
992,485.40
981,487.60
1004,490.20
990,498.40
988,489.20
978,484.00
1004,488.40
1021,510.80
996,511.00
1008,500.80
1047,523.60
1032,541.00
1042,536.00
1045,543.20
990,523.00
986,488.40
1008,494.80
987,499.60
1002,493.00
1008,504.40
1033,518.00
1273,629.00
1218,751.00
829,562.40
896,355.80
938,412.80
1004,464.40
1014,508.00
1035,522.40
1042,537.80
1058,548.40
1066,561.20
1090,575.60
1068,581.20
1083,574.00
1106,592.20
1154,625.20
1130,644.40
1152,638.80
1162,656.00
1152,658.00
1149,650.80
1090,625.40
1081,586.40
1019,556.20
1012,516.20
1014,512.80
1020,516.40
983,505.20
985,483.80
980,483.00
999,487.60
1009,503.00
1000,505.40
1002,500.80
1030,513.20
1010,522.00
1024,515.60
1026,524.80
978,506.80
997,485.60
1019,505.80
994,509.00
1008,499.60
1019,512.40
994,509.00
1006,498.80
1009,507.20
988,500.60
1034,506.40
1013,525.60
1008,511.00
1008,508.00
1011,509.20
1017,513.40
1018,517.40
997,509.60
1012,503.00
1001,507.60
1008,503.80
1052,525.60
1006,533.60
1065,529.60
1034,552.60
1050,540.40
1064,555.60
1045,556.40
1007,529.80
1008,507.40
1007,507.60
1005,506.20
1012,507.80
1012,512.00
1070,535.20
1240,638.00
1282,756.80
837,604.00
915,368.20
927,419.80
1006,458.60
1046,522.00
1026,538.00
1061,540.00
1061,561.00
1061,561.00
1068,563.80
1088,576.00
1090,588.80
1112,598.80
1130,619.20
1130,630.00
1154,639.60
1162,657.20
1153,658.40
1140,647.80
1118,631.20
1064,596.40
1070,566.40
1011,546.40
983,499.80
1004,491.40
965,488.40
980,471.00
1007,490.80
977,495.00
990,482.20
1022,502.80
1005,515.20
1007,505.80
1013,509.40
982,500.60
1012,494.00
1000,507.20
977,490.80
1000,486.20
1001,500.40
977,491.40
1011,490.60
980,498.60
995,486.00
977,487.80
974,475.80
987,479.20
1052,513.00
988,526.40
987,487.60
988,487.40
988,488.00
1023,502.00
998,513.00
1024,508.40
1012,519.20
990,503.20
1004,495.60
1010,506.40
998,505.20
1043,516.00
1058,549.00
1053,556.00
1036,546.20
1021,530.00
1000,512.60
993,497.20
995,493.80
978,488.20
1032,499.60
1026,529.60
1028,526.80
1222,605.60
1290,749.20
875,624.00
917,391.80
909,413.80
986,439.80
1017,498.40
1040,526.20
1042,540.80
1073,554.40
1043,561.00
1061,550.20
1069,564.20
1074,571.00
1115,590.40
1118,616.20
1132,623.60
1158,642.40
1158,658.00
1162,659.60
1141,653.60
1130,636.60
1103,619.20
1036,576.20
1033,534.80
1002,520.60
994,498.80
998,495.60
969,486.40
1008,484.60
1022,513.60
1001,513.60
989,496.20
1035,507.40
977,511.80
1032,499.00
1019,526.80
998,510.60
1013,504.00
1014,513.40
1024,518.00
1023,523.60
1018,521.00
1004,512.40
1000,502.40
1008,503.20
1007,507.60
1004,505.80
1042,519.20
1023,534.40
1105,555.80
1077,593.80
1067,573.00
1034,553.80
1026,530.80
1035,529.60
1036,535.40
1008,524.80
1012,509.60
1012,512.00
1071,535.60
1301,663.00
1266,787.00
822,588.40
916,359.60
938,424.80
1026,473.20
1060,539.60
1053,557.20
1065,557.80
1072,567.80
1073,572.40
1106,586.20
1104,605.20
1112,607.20
1150,627.20
1134,643.60
1163,645.60
1168,665.00
1197,679.60
1209,701.80
1154,687.00
1155,654.40
1091,629.40
1044,572.20
1029,538.00
1011,521.80
1011,511.00
1013,511.80
1008,511.00
1013,510.00
1038,523.00
1022,531.60
1033,526.40
1034,533.40
1007,523.20
1057,527.00
1050,554.20
1034,543.60
1011,524.80
1019,514.20
1010,515.40
1043,523.20
1013,531.00
1028,519.00
986,511.20
1032,504.40
1049,538.80
1040,545.40
1050,544.00
1056,552.40
1040,549.60
1012,528.80
1017,514.00
998,509.40
1010,502.80
997,504.80
997,497.00
1017,505.00
1176,580.60
1370,753.60
964,707.60
820,406.40
934,365.60
956,442.80
999,473.20
1045,517.40
1058,550.20
1046,553.20
1053,548.80
1066,558.20
1046,558.00
1062,552.40
1066,563.60
1091,576.00
1145,612.60
1120,635.00
1155,634.00
1134,646.60
1140,636.40
1121,632.40
1060,596.60
1080,568.00
1022,556.80
998,512.40
987,493.60
968,479.40
974,470.40
978,475.60
995,484.80
1001,497.40
983,493.80
976,480.20
995,483.60
1000,497.00
999,499.60
1000,499.40
1004,501.60
1007,505.20
986,498.60
1000,491.60
1007,502.80
966,490.60
1017,486.40
1022,519.00
1022,522.00
1031,525.60
1045,536.60
1023,536.20
992,510.60
984,488.80
977,481.20
976,476.60
1007,488.40
995,502.20
1008,500.20
1173,574.00
1323,733.00
824,623.40
881,346.80
897,387.40
999,437.80
1026,509.80
1023,524.80
1004,515.40
1040,518.40
1057,546.80
1061,558.60
1056,559.00
1093,570.80
1090,591.80
1102,594.80
1121,609.60
1115,618.60
1150,629.00
1142,646.80
1153,646.40
1115,637.80
1049,588.60
1042,546.20
1011,529.60
986,501.00
997,490.40
993,495.40
990,491.80
987,488.80
993,489.40
1014,501.40
999,508.00
1010,503.40
1006,508.40
988,498.80
1023,502.00
985,507.80
1004,492.60
987,497.20
1012,497.00
1000,507.20
988,495.20
995,490.80
997,495.80
1004,499.80
1014,508.00
1017,515.20
1022,519.00
1055,535.20
1020,541.00
995,510.00
993,494.20
1014,501.40
996,506.80
964,483.20
977,469.20
998,485.40
1049,518.40
1314,655.00
1011,692.80
845,444.60
900,367.00
941,416.40
990,460.60
1012,498.80
1034,520.80
1022,529.20
1026,523.60
1031,528.00
1058,541.80
1038,550.00
1061,547.20
1085,570.60
1088,586.20
1125,602.80
1126,625.40
1124,625.20
1108,617.60
1095,602.80
1070,585.00
1032,554.80
1002,520.00
994,498.80
985,490.40
964,476.60
975,468.40
975,475.00
975,475.00
987,479.80
984,485.80
982,483.20
983,482.40
981,482.20
986,483.00
986,486.00
971,480.00
990,478.60
975,484.00
984,478.60
975,480.40
983,478.20
994,487.40
1014,502.00
1011,512.80
1026,517.00
997,514.40
970,486.20
976,472.40
987,480.40
964,477.80
973,467.60
983,477.00
1013,495.00
1035,521.80
1313,646.20
999,687.40
852,440.20
903,372.40
957,424.60
984,467.80
1026,500.80
1026,526.00
1032,528.40
1054,540.80
1052,553.20
1047,550.00
1080,560.20
1070,576.00
1098,581.20
1115,604.80
1118,616.20
1157,633.60
1143,651.40
1129,637.40
1104,619.00
1088,597.60
1050,572.80
1029,541.60
1022,526.20
998,512.40
988,494.00
1000,492.80
1008,503.20
1010,508.80
1012,510.80
1001,507.60
1013,505.80
1011,512.20
1013,511.80
984,501.40
1022,499.20
1014,518.80
1014,514.00
1010,512.40
1017,512.80
999,509.80
1011,503.80
1017,513.40
1012,515.00
1005,509.20
1023,512.20
1025,523.80
1054,536.60
1041,548.80
1060,548.60
1059,559.60
1045,553.40
1007,529.80
1007,507.00
1023,513.40
1002,514.60
1022,510.00
1023,522.40
1066,540.20
1310,663.60
1166,752.40
855,541.60
920,381.00
957,434.80
1032,487.00
1060,543.20
1055,558.00
1059,556.60
1068,562.60
1073,570.00
1082,576.60
1086,583.60
1116,598.00
1115,615.60
1130,621.00
1153,639.20
1153,653.00
1164,657.40
1150,658.40
1130,642.00
1113,623.20
1074,597.40
1042,561.20
1034,538.80
1012,525.20
999,506.80
1000,499.40
1019,507.60
1004,513.00
1035,516.40
1019,528.60
1009,515.00
1028,516.60
1026,527.20
1021,524.00
1028,523.80
1017,523.60
1018,517.40
1019,518.40
1011,515.80
1016,513.00
1006,512.00
1006,506.00
1021,512.00
1020,520.60
1016,518.40
1011,514.00
1017,513.40
1024,519.80
1038,529.60
1002,523.60
1017,508.00
1032,523.00
1022,528.00
1036,527.60
1050,541.60
1050,550.00
1060,554.00
1046,554.40
1055,549.60
1017,539.80
1013,515.40
1018,515.00
1017,517.60
1022,519.00
1033,526.40
1108,563.00
1379,716.40
975,717.40
878,436.20
933,400.00
987,454.60
1036,506.60
1036,536.00
1061,546.00
1057,559.40
1061,558.60
1078,567.80
1079,578.40
1097,586.20
1105,600.20
1119,610.60
1125,621.40
1140,631.00
1150,644.00
1138,645.20
1151,643.20
1132,643.40
1100,619.20
1070,588.00
1029,553.60
1026,527.80
992,512.40
1006,497.60
996,502.00
1004,499.20
1007,505.20
1013,509.40
1013,513.00
1022,516.60
1017,520.00
1010,514.20
1018,513.20
1000,510.80
1018,507.20
1007,513.60
1007,507.00
998,503.40
1001,499.20
1006,503.00
1006,506.00
1017,510.40
1011,514.60
1011,511.00
1011,511.00
1014,512.20
1007,511.20
1011,508.60
1010,510.60
1024,515.60
1021,522.80
1025,522.60
1035,529.00
1028,532.20
1060,540.80
1057,558.80
1031,546.60
1018,525.80
1014,516.40
1010,512.40
1014,511.60
1005,510.40
1025,513.00
1053,536.20
1314,657.40
1157,751.20
882,547.00
935,403.20
959,444.60
1009,479.00
1046,523.80
1060,551.60
1057,558.80
1061,558.60
1079,568.20
1089,583.00
1093,590.60
1102,596.60
1114,606.80
1128,619.60
1137,631.60
1140,638.20
1155,646.00
1138,648.20
1127,633.60
1107,619.00
1060,588.20
1043,553.20
1009,529.40
1019,513.00
1012,516.20
997,506.00
1008,501.40
1001,505.20
1017,507.40
1018,517.40
1011,515.20
1019,514.20
1010,515.40
1007,508.80
1006,506.60
1013,508.80
1005,509.80
1022,511.80
995,511.20
996,495.40
1010,501.60
1004,507.60
1023,511.60
996,512.20
1009,501.20
1021,513.80
1041,529.00
1052,545.40
1046,549.60
1021,536.00
1002,513.40
995,499.20
990,493.00
992,490.80
988,490.40
998,492.00
1034,512.40
1220,608.40
1270,740.00
878,613.20
903,388.00
917,408.60
968,437.40
1019,488.40
1023,520.60
1041,530.20
1038,539.80
1049,542.40
1059,553.00
1060,559.40
1088,571.20
1084,586.40
1109,594.00
1114,611.00
1124,618.00
1120,622.40
1132,624.80
1108,622.40
1080,596.80
1046,566.40
1032,540.40
1005,521.20
969,490.60
980,473.40
977,478.80
986,480.60
990,487.60
987,488.80
997,491.00
1008,501.40
989,500.40
990,489.40
990,490.00
988,489.20
994,490.40
995,494.40
975,487.00
992,481.80
986,489.60
986,486.00
978,482.80
986,481.20
998,490.80
996,497.20
985,491.60
993,488.20
975,485.80
994,482.60
1012,501.20
1033,520.40
1018,527.00
1053,532.00
1013,537.00
998,507.00
982,491.60
988,484.40
977,483.60
982,479.00
995,487.20
995,495.00
1032,509.80
1212,604.00
1285,741.20
815,597.00
889,344.60
941,409.80
993,461.80
1023,505.00
1028,525.00
1032,529.60
1037,534.00
1041,538.60
1059,548.20
1058,558.60
1077,565.60
1088,581.40
1098,592.00
1127,609.60
1140,632.20
1127,634.80
1128,627.40
1120,624.80
1100,612.00
1061,584.40
1038,551.80
1006,525.20
985,497.60
987,485.80
984,485.80
990,486.40
995,492.00
992,493.80
986,489.60
1025,501.60
994,512.60
1007,499.20
1006,506.60
999,503.20
1000,499.40
996,498.40
992,494.40
1006,497.60
1011,508.00
993,503.80
1002,496.60
997,500.00
1008,501.40
995,502.80
1000,497.00
1005,502.00
1012,507.80
1012,512.00
1009,510.80
1019,513.00
1007,514.20
1000,504.20
1022,508.80
1017,520.00
1020,518.20
1030,524.00
1057,540.80
1064,559.80
1065,564.40
1057,561.80
1025,544.20
1016,521.40
1018,516.80
1013,516.00
1019,515.40
995,509.40
1054,518.60
1130,584.40
1398,737.20
982,731.60
875,439.20
937,399.80
980,454.20
1048,507.20
1044,546.40
1068,553.60
1071,569.20
1071,571.00
1082,575.40
1089,584.80
1108,596.60
1118,612.00
1132,623.60
1143,636.40
1146,644.20
1169,655.20
1170,669.40
1164,667.60
1146,656.80
1129,639.20
1073,606.60
1048,563.00
1033,542.00
1023,529.00
1023,523.00
1000,513.80
1030,512.00
1023,527.20
1026,524.20
1025,525.60
1038,530.20
1035,536.80
1042,537.80
1034,538.80
1031,532.80
1022,527.40
1046,531.60
1026,538.00
1024,525.20
1022,523.20
1036,527.60
1018,528.80
1024,520.40
1022,523.20
1032,526.00
1033,532.40
1022,528.60
1041,529.60
1024,534.20
1046,532.80
1026,538.00
1030,527.60
1034,531.60
1041,536.80
1043,541.80
1038,541.00
1035,536.80
1048,540.20
1044,546.40
1054,548.00
1064,558.00
1079,570.00
1096,585.80
1069,585.20
1055,563.40
1035,547.00
1040,537.00
1052,544.80
1031,543.60
1042,535.40
1070,553.20
1215,628.00
1416,795.40
966,736.00
930,451.60
958,441.20
1021,483.20
1072,541.40
1066,569.60
1104,581.20
1103,603.60
1101,602.20
1118,607.80
1117,617.60
1129,621.80
1148,636.60
1140,644.80
1178,655.20
1191,683.20
1206,697.00
1193,700.80
1194,693.40
1163,681.60
1134,651.40
1089,616.00
1061,577.80
1057,559.40
1049,553.80
1026,539.80
1046,534.00
1054,549.20
1045,550.40
1054,548.60
1048,551.60
1067,555.60
1060,564.20
1060,560.00
1044,553.60
1049,546.00
1056,551.80
1048,552.80
1046,547.20
1054,549.20
1041,548.80
1044,542.20
1040,542.40
1052,544.80
1044,548.80
1029,538.00
1041,533.80
1041,541.00
1042,541.40
1033,538.40
1036,534.20
1045,539.60
1032,539.80
1033,532.40
1042,536.60
1040,541.20
1024,533.60
1040,530.40
1024,533.60
1062,539.20
1052,558.00
1061,555.60
1081,569.00
1059,572.20
1022,544.20
1029,524.80
1013,522.60
1025,517.80
1001,515.40
1009,504.20
1032,518.20
1181,591.60
1301,729.00
879,632.20
903,388.60
928,413.00
976,447.20
1030,497.60
1032,530.80
1033,532.40
1044,537.40
1038,541.60
1050,542.80
1060,554.00
1060,560.00
1088,571.20
1085,586.80
1083,584.20
1114,595.40
1116,614.80
1128,620.80
1108,620.00
1080,596.80
1045,566.00
1014,532.60
989,504.00
977,484.20
973,475.40
961,468.20
960,460.60
974,465.60
950,464.40
975,460.00
980,477.00
962,472.80
972,466.00
972,472.00
966,469.60
960,463.60
965,462.00
956,461.40
956,456.00
957,456.40
957,457.00
970,462.20
956,464.40
968,460.80
957,463.60
948,453.40
962,453.60
960,461.20
969,463.60
962,466.20
956,459.60
966,460.00
980,471.60
960,472.00
964,461.60
981,470.80
965,474.60
968,466.20
970,468.80
976,472.40
973,474.80
985,477.80
1010,495.00
1007,508.80
1020,512.20
1006,514.40
983,496.80
974,479.40
977,475.20
966,472.60
976,470.00
982,478.40
973,478.40
1036,498.20
1218,608.80
1265,736