5ş
olcløH#$ÿ1066,226.40
1068,566.80
1069,568.40
1069,569.00
1069,569.00
1068,568.60
1068,568.00
1067,567.60
1066,566.60
1062,564.40
1060,561.20
1061,560.40
1070,564.60
1076,572.40
1084,579.20
1090,586.40
1096,592.40
1090,593.60
1086,588.40
1069,579.20
1050,561.40
1037,544.80
1061,546.60
1043,553.80
1079,557.40
1118,594.60
1322,699.60
1179,764.80
868,554.60
934,394.40
1037,475.20
1040,538.20
1045,542.00
1057,549.80
1068,561.40
1057,563.60
1064,559.80
1067,565.20
1076,570.60
1117,592.40
1101,610.60
1156,623.00
1132,646.40
1141,635.60
1149,644.20
1120,637.40
1095,610.00
1070,585.00
1054,563.60
1021,540.80
1014,518.20
997,507.20
1022,507.00
1021,521.60
1016,519.00
1022,518.40
1033,526.40
1048,539.00
1000,528.80
1055,522.00
1002,533.80
1042,518.00
1023,534.40
981,506.20
1019,496.20
998,510.60
1020,506.80
1004,513.60
994,500.00
1022,505.20
996,511.60
1009,501.20
1042,522.20
1025,535.20
1017,521.80
1034,523.80
1014,526.00
1002,509.20
1012,506.00
976,497.60
986,480.00
993,488.80
974,485.40
1020,492.40
1167,578.80
1217,687.00
898,589.40
793,356.00
939,351.40
997,462.20
1005,500.20
988,498.20
1017,499.60
1021,518.60
1018,519.80
1047,529.60
1021,536.60
1045,530.60
1055,549.00
1067,559.80
1079,571.80
1122,596.20
1090,609.20
1092,590.80
1058,578.40
1026,545.20
1016,522.00
988,504.80
997,491.60
986,492.60
989,487.20
973,482.60
997,482.60
994,495.80
1000,496.40
999,499.60
1008,502.60
990,500.80
1013,499.20
990,503.80
1002,494.80
978,492.40
1000,486.80
997,498.80
998,497.40
1009,502.40
996,503.80
1013,502.80
1016,514.20
978,500.80
1018,494.00
996,509.20
1041,514.00
1041,541.00
1031,537.00
1005,520.60
1034,516.60
989,516.00
1012,498.20
988,502.40
997,491.60
1001,498.60
1013,505.80
1090,543.80
1319,681.60
992,688.20
755,397.20
947,331.80
988,463.40
1005,494.80
1013,508.20
1016,514.20
1041,526.00
1012,529.40
1047,526.00
1042,545.00
1054,546.80
1058,555.60
1095,572.80
1115,603.00
1121,617.40
1114,618.20
1126,618.80
1060,599.60
1057,558.80
1007,537.00
1017,511.00
990,506.20
993,491.20
986,490.20
995,489.60
986,491.40
1014,497.20
994,506.00
989,492.00
1028,504.60
1006,519.20
1024,513.20
1008,517.60
993,502.00
1007,498.60
1008,507.40
984,498.40
1010,494.40
1030,518.00
986,512.40
1010,495.60
998,505.20
1005,500.80
996,501.40
1026,508.00
1019,523.20
1022,520.20
1032,526.00
1045,537.20
1022,535.80
1022,522.00
996,511.60
1000,497.60
1001,500.40
1001,501.00
1019,508.20
1026,521.80
1239,611.20
1254,745.00
832,585.20
846,337.60
1020,415.60
997,510.80
1024,507.80
1026,524.80
1044,533.20
1036,540.80
1032,534.40
1059,542.80
1059,559.00
1078,566.60
1086,581.20
1108,594.80
1144,622.40
1137,641.20
1138,637.40
1113,628.00
1083,601.00
1035,563.80
1012,525.80
1023,516.40
984,507.40
1000,490.40
1025,510.00
1002,515.80
1007,504.00
1001,504.60
1023,509.80
1012,518.60
1021,515.60
1021,521.00
1018,519.80
1004,512.40
1000,502.40
1025,510.00
1009,518.60
1006,507.80
1004,505.20
990,498.40
1008,497.20
1034,518.40
1002,521.20
998,500.40
1012,503.60
989,502.80
1062,518.20
1019,544.80
1054,533.00
1029,544.00
1032,530.20
1009,522.80
1006,507.80
1018,510.80
1009,514.40
1002,506.20
1010,505.20
1049,525.60
1228,620.60
1109,680.40
836,499.80
885,355.60
988,426.20
1009,496.40
1012,510.20
1025,517.20
1034,528.60
1044,538.00
1046,544.80
1067,554.40
1038,555.40
1066,549.20
1098,578.80
1108,602.00
1107,607.60
1144,621.80
1156,648.80
1088,628.80
1066,579.20
1050,559.60
1012,534.80
1035,521.20
1005,523.00
969,490.60
974,471.00
988,479.60
981,485.20
997,487.40
994,495.80
1019,504.00
1004,513.00
1014,508.00
996,506.80
1012,502.40
1023,516.40
990,509.80
1005,496.00
1007,505.80
1014,509.80
993,505.60
1016,502.20
1005,511.60
1017,509.80
1033,523.40
1062,544.60
1031,549.60
1062,543.40
1032,550.00
977,510.00
996,484.60
948,476.80
969,456.40
947,460.20
951,448.60
969,458.20
957,464.20
1097,513.00
1137,613.00
815,508.20
759,292.60
914,321.00
911,412.80
928,417.80
954,438.40
956,454.80
994,471.20
988,491.60
1053,514.00
1032,544.60
1061,543.60
1086,571.00
1108,594.80
1138,620.00
1196,661.20
1150,677.60
1154,651.60
1136,646.80
1100,621.60
1095,598.00
1056,579.40
1074,563.20
1050,564.40
1047,548.80
1050,548.20
1057,552.80
1068,561.40
1073,570.00
1059,567.40
1080,567.40
1057,570.80
1067,561.00
1066,566.60
1058,562.80
1080,566.80
1045,566.00
1065,553.00
1038,554.20
1068,550.00
1061,565.20
1055,558.60
1079,564.60
1047,566.20
1080,560.20
1086,582.40
1096,590.00
1065,583.60
1047,557.80
1043,545.40
1037,540.60
1040,538.20
1034,537.60
1067,547.20
1096,578.60
1343,694.80
1165,771.80
807,521.80
912,349.00
1058,470.40
1041,551.20
1061,549.00
1036,551.00
1049,541.20
1055,551.40
1067,559.80
1079,571.80
1093,584.60
1085,589.80
1116,597.40
1143,626.80
1137,640.60
1156,644.60
1138,648.80
1105,624.80
1094,600.60
1036,570.80
1026,532.00
995,513.60
1012,501.80
999,506.80
1016,505.80
1017,516.40
999,509.80
1010,503.40
1016,512.40
1016,516.00
1049,529.20
1012,534.20
1012,512.00
1012,512.00
1024,516.80
1006,516.80
1014,509.20
993,505.60
1024,505.40
1004,516.00
1000,502.40
1033,513.20
1022,528.60
1024,522.80
1046,532.80
1035,541.60
1011,525.40
1031,519.00
1004,520.20
995,500.40
1010,501.00
1014,511.60
994,506.00
1064,522.00
1249,638.00
1220,737.40
819,559.60
832,324.20
988,394.40
1013,498.00
1008,511.00
1023,514.00
1023,523.00
1034,527.40
1041,536.80
1043,541.80
1041,542.20
1059,548.20
1092,572.20
1100,595.20
1115,606.00
1151,629.40
1116,637.00
1097,608.40
1076,588.60
1028,556.80
1017,523.60
995,508.20
995,495.00
985,491.00
990,487.00
986,488.40
988,486.80
1023,502.00
987,508.60
1006,494.60
1012,508.40
1004,508.80
1014,508.00
1000,508.40
1019,507.60
994,509.00
1014,502.00
989,504.00
1022,502.20
990,509.20
996,492.40
1011,502.00
994,504.20
1008,499.60
1011,509.20
1001,507.00
1012,505.40
996,505.60
1017,504.40
1023,519.40
1019,521.40
1007,514.20
1044,521.80
1022,535.20
1008,516.40
1001,505.20
1012,505.40
995,505.20
987,491.80
969,479.80
1019,489.00
1055,533.40
1287,647.80
1120,720.20
793,489.20
868,323.00
1002,421.60
995,499.20
1005,499.00
1010,507.00
1028,517.20
1018,524.00
1034,524.40
1050,540.40
1036,544.40
1060,545.60
1067,562.80
1103,581.40
1104,603.40
1116,608.80
1106,612.00
1082,596.40
1067,576.00
1013,545.40
994,505.40
978,487.60
972,475.60
1001,483.60
985,494.60
968,478.20
1006,483.20
974,493.20
998,483.60
996,497.20
1001,498.00
1007,503.40
990,500.20
996,492.40
1004,499.20
1017,509.20
1000,510.20
977,490.80
997,485.00
997,497.00
994,495.80
1001,496.80
987,495.40
1021,500.60
1008,515.80
1018,512.00
1018,518.00
1034,524.40
1035,534.40
1032,533.80
1012,524.00
1002,508.00
1002,502.00
1005,503.20
989,498.60
1012,498.20
1013,512.40
1033,521.00
1272,628.60
985,657.20
830,423.00
894,355.60
1018,443.60
1001,511.20
1013,505.80
1023,517.00
1033,527.00
1045,537.80
1043,544.20
1069,553.40
1066,567.80
1066,566.00
1090,575.60
1138,609.20
1122,631.60
1138,628.40
1137,637.60
1085,616.20
1071,579.40
1041,559.00
1012,529.40
993,504.40
1011,500.20
996,505.00
1000,497.60
1007,502.80
1018,511.40
988,506.00
1021,501.20
1005,514.60
1012,507.80
1013,512.40
1012,512.60
1013,512.40
1012,512.60
999,506.80
1000,499.40
1005,502.00
1008,506.20
998,504.00
1026,509.20
1026,526.00
1030,527.60
1008,521.20
1022,513.60
1040,529.20
1017,530.80
1023,519.40
980,505.80
1017,494.80
1008,513.40
1013,510.00
1032,520.60
1050,539.20
1191,606.40
1185,688.60
864,556.60
813,343.60
1024,397.40
1005,516.40
1062,527.80
1041,553.60
1045,542.60
1037,541.80
1055,544.20
1080,565.00
1068,575.20
1083,574.00
1112,594.60
1102,608.00
1162,626.00
1143,654.40
1156,648.20
1100,633.60
1080,592.00
1058,571.20
1042,551.60
1007,528.00
1024,513.80
994,512.00
1005,498.40
1014,508.60
1029,520.00
997,516.20
1026,508.60
1011,520.00
1029,518.20
1052,538.20
1014,536.80
1013,513.60
1005,509.80
1026,513.40
1010,519.60
1048,525.20
1012,533.60
1014,512.80
1021,516.80
1021,521.00
1021,521.00
1073,541.80
1023,553.00
1048,533.00
1067,555.60
1023,549.40
1038,529.00
1007,525.60
1017,511.00
1022,519.00
1023,522.40
1001,514.20
1042,517.40
1118,572.40
1342,707.60
1077,736.00
752,447.00
960,335.20
1014,481.60
1010,512.40
1033,519.20
1046,538.20
1024,537.20
1041,530.80
1050,544.60
1059,553.60
1073,564.60
1088,579.00
1112,597.60
1120,615.20
1157,634.80
1150,654.20
1141,646.40
1100,624.60
1067,586.80
1017,547.00
1022,519.00
1017,520.00
1013,515.40
1007,510.60
995,502.20
1017,503.80
998,509.40
1023,508.00
1001,514.20
1016,507.00
1033,522.80
1049,539.40
1024,539.00
1025,524.40
1030,527.00
1014,523.60
1045,526.40
1012,531.80
1012,512.00
1013,512.40
1035,521.80
1020,529.00
1026,522.40
1026,526.00
1029,527.20
1031,529.80
1083,551.80
1022,558.60
1084,546.80
1018,557.60
1042,527.60
1033,538.40
995,517.80
1035,511.00
997,519.80
1021,506.60
1061,537.00
1080,568.60
1353,689.20
1114,757.40
759,472.00
977,346.20
1002,487.00
1033,514.40
1007,522.60
1048,523.40
1025,538.80
1052,535.80
1031,543.60
1057,541.40
1078,565.40
1110,590.80
1077,596.80
1152,607.00
1146,649.60
1146,646.00
1126,638.00
1106,618.00
1060,587.60
1029,547.60
1012,522.20
1014,512.80
1012,513.20
997,506.00
990,494.20
968,481.20
984,474.40
993,487.60
996,494.20
997,496.40
997,497.00
1021,506.60
1002,513.40
1030,513.20
1021,526.40
983,505.80
1011,494.20
970,494.60
976,472.40
986,480.00
1001,492.00
995,498.60
980,489.00
997,486.80
1006,500.60
1013,508.80
1002,508.60
1017,508.00
1006,512.60
1002,504.40
1029,512.80
1032,530.20
1028,530.40
1038,532.00
1055,544.80
1026,543.40
1016,522.00
1029,521.20
1011,521.80
998,505.80
990,494.80
1024,503.60
1023,523.60
1077,544.60
1284,659.80
1067,697.20
803,461.40
906,344.20
1014,449.20
1016,514.80
1014,515.20
1029,520.00
1006,519.80
1026,514.00
1042,532.40
1061,549.60
1040,552.60
1070,552.00
1080,574.00
1086,582.40
1127,602.40
1110,620.20
1104,607.60
1085,596.40
1067,577.80
1022,549.00
997,512.00
1006,500.60
973,492.80
997,482.60
974,487.80
997,483.20
1004,499.80
1000,502.40
994,497.60
996,494.80
986,492.00
1014,497.20
1013,513.60
1004,509.40
995,500.40
983,490.20
1006,492.20
1006,506.00
985,497.60
1000,491.00
994,497.60
1002,497.20
993,498.40
1008,499.00
1007,507.60
1019,511.80
1013,516.60
1017,514.60
1025,520.20
1041,531.40
1028,535.80
1021,525.20
996,511.00
1009,501.20
980,497.40
1016,494.40
995,507.60
1009,500.60
1072,534.20
1300,663.20
1060,704.00
836,470.40
885,355.60
1001,431.40
1019,508.20
1042,528.20
1032,538.00
1029,530.80
1052,538.20
1024,540.80
1086,548.80
1055,573.60
1071,561.40
1126,593.00
1100,615.60
1127,610.80
1148,635.40
1140,644.80
1107,626.80
1068,591.40
1056,563.20
1012,538.40
1004,508.80
1016,508.80
988,504.80
993,490.00
1011,500.20
1024,516.20
1009,518.00
1026,515.80
1021,524.00
1021,521.00
1022,521.40
1018,520.40
1023,520.00
1018,521.00
1018,518.00
1012,515.60
1035,521.20
1006,523.40
1014,509.20
1021,516.80
1013,517.80
1038,523.00
1012,527.60
1032,520.00
1007,522.00
1055,526.20
1018,540.20
1061,535.20
1049,556.20
1032,542.20
1034,532.80
1016,526.80
995,507.60
1011,501.40
1014,512.20
1041,524.80
1061,549.00
1296,655.00
1192,754.40
809,538.80
881,337.80
1028,439.80
1009,520.40
1024,515.00
1031,526.80
1046,537.00
1047,546.40
1033,541.40
1066,546.20
1052,560.40
1114,576.80
1089,604.00
1107,596.20
1152,625.00
1136,645.60
1146,640.00
1103,628.80
1080,593.80
1040,564.00
1014,529.60
1000,508.40
1008,503.20
1010,508.80
1000,506.00
998,499.20
1012,503.60
988,502.40
1006,495.20
1017,510.40
1014,515.80
1008,511.60
1002,505.60
998,500.40
1023,508.00
982,506.60
1029,500.80
1011,521.80
1007,509.40
1010,508.20
995,504.00
1012,501.80
1008,510.40
1002,505.60
989,496.80
1045,511.40
1011,531.40
1047,525.40
1055,550.20
1012,537.80
1012,512.00
996,505.60
1009,501.20
998,504.60
1006,501.20
1006,506.00
1008,506.80
1068,532.00
1349,680.40
1083,742.60
758,453.00
928,326.00
998,456.00
1000,498.80
1008,503.20
1028,516.00
1032,529.60
1021,527.60
1040,528.60
1053,545.20
1053,553.00
1076,562.20
1077,576.40
1128,597.40
1133,630.00
1134,633.40
1139,636.00
1094,621.00
1045,574.40
1002,527.80
993,498.40
985,489.80
983,484.20
951,470.20
994,468.20
969,484.00
983,474.60
1001,490.20
994,498.20
990,492.40
1011,498.40
1019,514.20
1009,515.00
1017,512.20
985,504.20
1004,492.60
1024,512.00
989,510.00
1011,497.80
1006,509.00
1018,510.80
1008,514.00
1032,517.60
1006,521.60
1012,508.40
1014,512.80
1028,519.60
1012,521.60
1008,510.40
1041,521.20
1034,538.20
1026,530.80
1049,535.20
1056,551.80
1049,553.20
1021,537.80
1030,524.60
1036,532.40
1028,532.80
1026,527.20
1018,522.80
1053,532.00
1104,573.40
1321,690.80
1062,717.40
824,466.80
956,376.80
1033,486.80
1059,543.40
1056,557.80
1057,556.40
1055,556.20
1065,559.00
1066,565.40
1074,569.20
1096,582.80
1126,608.00
1108,618.80
1145,622.80
1158,650.20
1165,660.80
1170,667.00
1112,646.80
1107,610.00
1084,597.80
1038,565.60
1031,535.20
1032,531.40
1047,538.00
1041,544.60
1030,536.60
1047,536.80
1053,549.40
1053,553.00
1058,555.00
1033,548.00
1058,543.00
1070,562.80
1047,560.80
1052,549.00
1048,550.40
1041,545.20
1035,538.60
1049,540.60
1057,552.20
1043,551.40
1054,547.40
1035,546.40
1078,552.20
1060,570.80
1064,561.60
1088,573.60
1086,587.20
1046,570.00
1066,554.00
1032,552.40
1046,537.60
1044,545.20
1035,540.40
1044,538.60
1090,562.40
1205,636.00
1276,733.40
917,632.40
838,385.40
1016,409.20
1033,522.80
1050,539.80
1062,554.80
1068,564.40
1057,563.60
1059,557.80
1040,551.40
1090,560.00
1088,589.20
1098,592.00
1132,611.60
1145,637.20
1156,649.40
1155,655.60
1145,651.00
1092,623.80
1067,582.00
1040,556.20
996,522.40
1019,505.20
1018,518.60
987,505.60
1022,501.00
1004,514.80
1008,505.60
996,503.20
987,492.40
1031,504.60
1020,526.60
1023,521.20
993,511.00
1017,502.60
1012,515.00
1022,516.00
1005,515.20
1005,505.00
989,498.60
1011,497.80
1000,506.60
999,499.60
993,496.60
1000,495.80
999,499.60
996,497.80
1011,502.00
994,504.20
1010,500.40
1035,520.00
1009,524.60
1037,520.20
1038,537.40
1008,526.00
1014,510.40
996,506.80
983,490.80
995,487.80
987,491.80
1001,492.60
1019,508.20
1151,571.80
1295,708.60
923,646.20
754,355.40
960,336.40
1006,478.40
1005,505.60
1012,507.80
998,506.40
1013,504.00
1013,513.00
1048,527.00
1033,542.00
1082,552.60
1061,573.60
1064,562.20
1120,586.40
1143,629.20
1141,642.20
1121,633.00
1094,610.20
1042,573.20
1020,533.20
1004,513.60
1001,502.80
990,496.60
993,491.20
975,485.80
1000,485.00
996,498.40
1007,500.40
1008,507.40
987,499.60
995,490.20
996,495.40
1013,502.80
1002,508.60
1014,506.80
975,498.40
996,483.40
992,494.40
1004,496.80
1023,511.60
983,507.00
990,485.80
982,486.80
987,484.00
1008,495.40
983,498.00
1004,491.40
1001,502.80
989,496.20
994,491.00
995,494.40
1019,504.60
989,507.00
1031,505.80
1014,524.20
1021,516.80
1012,517.40
999,506.80
980,491.40
995,486.00
996,495.40
986,492.00
1001,492.00
1018,507.80
1046,529.20
1312,652.40
1069,714.80
805,463.40
872,331.80
1021,431.60
993,509.80
1002,496.60
998,500.40
1009,502.40
1018,512.60
1041,527.20
1034,538.20
1038,535.60
1041,539.20
1060,548.60
1090,572.00
1120,602.00
1109,615.60
1105,607.40
1076,593.40
1059,569.20
1026,545.80
1014,521.20
1005,510.40
986,497.40
960,475.60
1005,478.00
969,490.60
993,478.60
1006,498.20
986,498.00
994,489.20
1010,500.40
1002,506.80
1023,510.40
995,511.80
1005,499.00
997,501.80
993,495.40
1009,499.40
1008,508.60
1001,505.20
998,499.80
995,496.80
1005,499.00
997,501.80
1021,506.60
1004,514.20
1013,507.60
1022,516.60
1036,527.60
1028,532.80
1019,524.40
1024,521.00
1007,517.20
1005,506.20
977,493.80
1022,495.00
1021,521.60
1017,519.40
1076,540.60
1300,665.60
986,674.40
826,422.00
923,364.80
1014,459.40
1012,513.20
1032,520.00
1024,528.80
1054,536.00
1035,546.40
1056,543.40
1060,557.60
1069,563.60
1067,568.20
1109,583.80
1120,613.40
1149,631.60
1145,647.40
1126,637.40
1117,622.40
1065,596.20
1052,559.80
1025,541.20
1017,521.80
1004,511.80
1009,506.00
1008,508.60
1004,506.40
1014,508.00
1005,510.40
1005,505.00
1016,509.40
1006,512.00
1021,512.00
1022,521.40
1018,520.40
1017,517.60
1016,516.60
1008,512.80
1012,509.60
1018,514.40
1011,515.20
1028,517.80
984,510.40
1019,498.00
1023,520.60
1019,521.40
1012,516.20
1036,521.60
1035,535.60
1022,529.80
1044,530.80
1034,540.00
1013,525.60
1028,519.00
1004,518.40
1020,510.40
1022,520.80
1019,520.80
1008,514.60
1046,523.20
1246,626.00
1261,752.00
840,592.60
839,339.60
1029,415.00
1035,531.40
1023,530.20
1026,524.20
1076,546.00
1042,562.40
1053,546.40
1071,560.20
1053,563.80
1067,558.60
1102,581.00
1120,609.20
1125,622.00
1141,631.40
1127,635.40
1131,628.60
1120,626.60
1045,590.00
1026,537.40
1029,527.20
1006,519.80
1022,512.40
996,511.60
1016,504.00
998,508.80
1013,504.00
1029,519.40
1014,523.00
1035,522.40
992,517.80
1025,505.20
1014,520.60
1037,523.20
1017,529.00
1018,517.40
1024,520.40
1013,519.60
1012,512.60
1018,514.40
1011,515.20
1022,515.40
1006,515.60
1022,512.40
1022,522.00
1016,519.60
1038,524.80
1009,526.40
1033,518.60
1025,529.80
1047,533.80
1021,536.60
1040,528.60
1011,528.40
1026,517.00
1010,519.60
1022,514.80
1006,515.60
1056,526.00
1152,594.40
1335,725.20
981,693.40
788,403.80
980,364.80
1016,494.40
1023,518.80
1021,522.20
1033,525.80
1040,535.80
1052,544.80
1050,551.20
1036,544.40
1071,550.00
1068,569.80
1102,581.60
1131,613.60
1131,631.00
1145,636.60
1114,632.60
1108,611.60
1050,584.80
1026,540.40
1030,527.60
1004,519.60
994,500.00
1001,496.80
986,495.00
1000,491.60
1006,502.40
1000,503.60
1021,508.40
1002,513.40
996,499.60
1020,505.60
1020,520.00
998,511.20
1023,508.00
1004,515.40
1000,502.40
999,499.60
1011,503.80
995,504.60
1004,498.60
1008,505.60
1017,511.60
988,505.40
1007,495.60
997,503.00
1017,505.00
1025,520.20
1018,522.20
1025,520.80
1025,525.00
1018,522.20
1007,513.60
995,502.20
1017,503.80
1014,515.80
1004,510.00
1005,504.40
1002,503.80
1106,543.60
1275,673.60
1079,696.60
796,465.80
960,361.60
1016,482.40
1009,513.20
1036,519.80
1035,535.60
1020,529.00
1032,524.80
1032,532.00
1079,550.80
1050,567.40
1085,564.00
1083,584.20
1115,595.80
1130,621.00
1141,634.40
1118,631.80
1108,614.00
1066,591.20
1018,546.80
1022,519.60
993,510.40
1007,498.60
1012,509.00
1006,509.60
976,494.00
1002,486.40
988,496.40
1026,503.20
1008,518.80
977,495.60
984,479.80
989,486.00
992,490.20
978,486.40
987,481.60
1001,492.60
978,491.80
1017,493.60
993,507.40
994,493.40
1014,502.00
1014,514.00
1016,514.80
1009,513.20
1011,509.80
1008,509.80
1032,517.60
995,517.20
1014,502.60
990,504.40
1014,499.60
1011,512.80
1044,524.20
1033,539.60
1211,604.20
1217,713.40
898,589.40
822,367.60
984,386.80
1032,503.20
1020,527.20
1040,528.00
1033,537.20
1034,533.40
1055,542.40
1017,539.80
1045,528.20
1052,547.80
1059,554.80
1053,556.60
1079,563.40
1107,590.20
1104,605.80
1113,607.60
1059,591.40
1045,553.40
1032,539.80
1004,520.80
1009,506.00
977,496.20
1010,490.20
996,504.40
1010,501.60
1011,510.40
1025,516.60
1011,519.40
1017,513.40
1025,520.20
1020,523.00
1043,529.20
1023,535.00
1012,518.60
996,505.60
1044,515.20
1018,533.60
1016,517.20
1026,520.00
1033,528.80
1036,534.20
1043,538.80
1031,538.20
1066,545.00
1047,558.40
1047,547.00
1033,541.40
1017,526.60
1020,518.20
1028,523.20
1041,533.20
1041,541.00
1072,553.40
1314,668.80
1178,759.60
834,540.40
889,356.00
1024,443.00
1033,527.60
1038,535.00
1059,546.40
1033,548.60
1066,546.20
1058,562.80
1081,567.20
1065,574.60
1074,568.60
1098,583.60
1120,606.80
1168,639.20
1160,664.80
1142,652.80
1124,634.80
1083,607.60
1058,573.00
1032,547.60
1025,529.20
1000,515.00
1004,501.60
1004,504.00
1012,507.20
1030,519.20
1013,523.20
1022,516.60
1007,516.00
1036,518.60
1029,533.20
1030,529.40
1033,531.20
1007,522.60
1030,516.20
1012,522.80
1012,512.00
1040,523.20
1007,526.80
1023,513.40
1014,519.40
1028,519.60
1038,532.00
1032,535.60
1038,534.40
1042,539.60
1058,548.40
1033,548.00
1017,526.60
1012,515.00
1002,508.00
1013,506.40
1018,515.00
1024,520.40
1059,538.00
1265,641.40
1222,747.80
825,563.20
839,330.60
1026,413.80
1008,518.80
1038,520.00
1038,538.00
1009,526.40
1044,523.00
1047,545.20
1053,549.40
1047,550.60
1058,551.40
1103,576.00
1105,603.80
1125,613.00
1162,639.80
1134,650.80
1128,631.60
1067,603.60
1078,571.40
1006,549.20
1019,511.20
988,506.60
998,492.00
1011,503.20
996,505.00
1006,500.00
968,490.80
1014,486.40
997,507.20
1013,503.40
1016,514.20
1013,514.80
1017,514.60
1006,512.60
1022,512.40
997,512.00
1008,501.40
1016,511.20
1019,517.20
1010,515.40
1017,512.80
988,505.40
1012,497.60
1029,518.80
1000,517.40
1018,507.20
1021,519.20
1029,524.20
1031,529.80
1059,542.20
1019,543.00
1017,518.20
1006,512.60
995,501.60
1008,500.20
1017,511.60
1019,517.80
1024,521.00
1098,553.60
1329,690.40
1055,719.40
791,449.40
926,345.00
1007,458.40
1001,504.60
1026,511.00
1021,524.00
1032,525.40
1022,528.00
1049,532.80
1038,544.60
1066,549.20
1059,563.20
1085,569.40
1097,589.80
1133,611.40
1131,632.20
1115,624.60
1109,612.60
1054,587.00
1052,553.20
1007,534.00
994,501.80
999,496.00
997,498.20
989,493.80
993,490.60
960,479.80
1022,484.80
993,510.40
981,488.20
1000,488.60
996,498.40
1007,500.40
1004,505.80
1009,506.00
987,500.20
1026,502.60
996,514.00
1009,501.20
983,498.60
987,484.60
1009,495.80
989,501.00
1008,496.60
1011,509.20
1008,509.80
1017,511.60
1024,519.80
1029,526.00
1035,531.40
1008,524.20
981,497.20
1001,489.00
987,495.40
1002,493.00
994,498.80
983,489.60
1009,493.40
1108,548.60
1215,650.80
938,604.20
818,390.00
990,386.80
1007,496.80
1007,507.00
1017,511.00
1021,518.60
1032,525.40
1031,531.60
1035,532.60
1042,537.80
1067,552.00
1066,566.60
1107,582.40
1107,607.00
1136,618.60
1136,636.00
1129,633.20
1083,610.60
1041,566.20
1038,539.80
1008,526.00
998,504.00
995,496.80
1008,500.20
997,503.60
993,495.40
980,487.80
1004,489.60
1025,512.40
1010,519.00
1011,510.40
993,503.80
1005,497.80
1026,513.40
1032,528.40
1001,519.60
999,500.20
997,498.20
1033,511.40
992,516.60
1028,506.40
1005,518.80
974,492.60
1026,494.80
1025,525.60
1030,527.00
1035,532.00
1021,529.40
1052,533.40
1037,546.00
1019,529.80
1012,516.20
1007,510.00
1018,511.40
1002,511.60
1032,514.00
1019,526.80
1064,537.00
1306,660.80
1130,735.60
821,506.40
921,361.00
1004,454.20
1018,509.60
1031,523.20
1020,526.60
1049,531.60
1034,543.00
1047,539.20
1052,549.00
1078,562.40
1076,577.20
1094,583.20
1097,595.20
1132,611.00
1164,644.80
1120,646.40
1124,621.60
1090,610.40
1053,575.20
1016,538.20
995,507.60
995,495.00
1011,501.40
1005,508.60
997,501.80
1006,500.60
1014,509.20
990,504.40
1024,503.60
1016,520.80
1025,519.60
1016,521.40
1025,519.60
1028,526.20
1013,522.00
1014,513.40
1031,520.80
996,517.00
1023,506.80
1025,523.80
1008,518.20
1008,508.00
1006,507.20
1013,508.80
1008,511.00
1038,520.00
1007,525.60
1006,506.60
1014,509.20
1031,520.80
1038,533.80
1019,530.40
1036,525.80
1029,533.20
1025,527.40
1005,517.00
1022,511.80
1006,515.60
1006,506.00
1026,514.00
1049,535.20
1146,587.80
1338,722.80
908,666.00
789,360.40
988,368.60
1000,492.80
1024,509.60
1034,528.00
1054,542.00
1033,545.60
1043,537.00
1047,544.60
1061,552.60
1072,565.40
1092,580.00
1103,596.40
1122,610.60
1115,619.20
1160,633.00
1141,652.40
1104,626.20
1064,588.00
1050,558.40
999,529.60
998,498.60
1021,507.20
1011,517.00
999,506.20
1008,502.60
999,504.40
1007,502.20
1007,507.00
1030,516.20
1013,523.20
1023,517.00
1025,523.80
1001,515.40
1016,507.00
1017,516.40
998,509.40
1008,502.00
1012,509.60
1008,510.40
1013,510.00
998,507.00
1029,510.40
1000,517.40
1002,500.80
1014,506.80
1016,514.80
1008,512.80
990,500.80
1018,501.20
1036,525.20
1042,538.40
1047,544.00
1032,541.00
1047,538.00
1038,543.40
1014,528.40
1036,522.80
1013,526.80
1026,518.20
1030,527.60
1010,522.00
1032,518.80
1055,541.20
1297,651.80
1272,787.00
820,591.20
927,362.80
1047,475.00
1007,531.00
1020,512.20
1045,530.00
1026,537.40
1041,532.00
1067,551.40
1056,562.60
1072,562.40
1085,577.20
1103,592.20
1098,601.00
1140,614.80
1136,638.40
1153,642.80
1130,643.80
1079,609.60
1066,573.80
1023,548.80
1033,527.00
1006,522.20
998,502.80
1022,507.60
1006,515.60
994,501.20
1012,501.20
996,505.60
996,496.00
986,492.00
1007,494.40
1018,511.40
994,508.40
1021,504.80
1033,525.80
1002,520.60
1014,506.80
995,506.40
995,495.00
954,478.60
928,443.60
929,428.40
948,436.60
936,443.20
956,444.00
969,461.20
983,474.60
1013,495.00
996,506.20
1021,506.00
1013,517.80
994,505.40
975,486.40
996,483.40
974,487.20
980,476.40
995,486.00
985,491.00
1009,494.60
1054,527.00
1246,630.80
1187,722.40
892,569.00
854,376.80
1024,422.00
1043,531.60
1037,540.60
1053,543.40
1064,557.40
1065,564.40
1083,572.20
1073,579.00
1070,571.80
1097,580.80
1119,605.80
1138,626.60
1178,654.00
1174,676.40
1148,663.60
1126,639.20
1108,618.80
1073,594.00
1053,565.00
1040,547.80
1022,532.80
1022,522.00
1012,518.00
1041,523.60
1017,531.40
1033,523.40
1013,525.00
1025,517.80
1009,518.60
1036,519.80
1022,530.40
1022,522.00
1010,517.20
1025,516.00
1023,524.20
1021,522.20
1019,520.20
1019,519.00
1023,520.60
1024,523.40
1026,524.80
1026,526.00
1025,525.60
1045,533.00
1017,533.80
1035,524.20
1031,533.40
1011,523.00
996,505.00
1026,508.00
1007,518.40
1044,521.80
1086,560.80
1290,667.60
1116,720.40
858,512.80
899,374.40
1004,441.00
1033,515.60
1053,541.00
1025,541.80
1045,533.00
1040,543.00
1066,550.40
1060,563.60
1055,558.00
1100,573.00
1096,598.40
1122,606.40
1137,628.00
1172,651.00
1137,658.00
1126,632.60
1086,610.00
1038,566.80
1043,540.00
1024,535.40
995,512.40
1014,502.60
999,508.00
1041,515.80
1019,532.20
1016,517.80
1034,523.20
1026,530.80
1043,532.80
1023,535.00
1041,530.20
1032,537.40
1023,528.40
1036,528.20
1030,533.60
1034,531.60
1018,527.60
1025,520.80
1031,527.40
1018,525.80
1032,523.60
1052,540.00
1054,552.80
1021,540.80
1054,534.20
1049,552.00
1014,535.00
1050,528.40
1030,542.00
1045,536.00
1023,536.20
1020,521.80
1030,524.00
1081,550.40
1167,615.40
1285,714.20
932,643.80
808,382.40
995,382.80
1024,506.60
1020,522.40
1045,530.00
1028,538.20
1057,539.60
1046,552.60
1032,540.40
1053,540.40
1060,555.80
1098,575.20
1114,604.40
1124,618.00
1128,625.60
1142,633.60
1127,636.00
1078,607.40
1072,575.60
1035,557.20
1004,522.60
993,499.60
993,493.00
1005,497.80
994,500.60
1000,496.40
987,494.80
997,491.00
999,497.80
1005,501.40
977,493.80
971,474.60
968,469.80
997,479.60
981,490.60
959,472.20
974,465.00
946,462.80
981,460.00
975,478.60
977,475.80
984,479.80
987,485.20
994,489.80
995,494.40
1013,502.20
1026,518.20
1030,527.60
1030,530.00
1019,525.60
1023,520.60
994,511.40
1014,502.00
998,507.60
1006,501.20
998,502.80
1022,507.60
1093,550.40
1342,692.60
1085,739.20
772,459.80
945,341.20
1006,469.40
1018,510.80
1017,517.60
1032,523.00
1036,533.60
1024,531.20
1035,528.40
1071,549.40
1080,574.60
1086,582.40
1084,585.20
1116,596.80
1124,619.20
1165,640.40
1140,655.00
1120,632.00
1086,606.40
1023,560.80
1004,515.40
999,502.00
1005,501.40
999,502.60
997,498.20
1008,501.40
1006,507.20
1007,506.40
1005,506.20
1024,512.60
1021,522.80
1019,520.20
1001,511.80
997,499.40
1018,505.40
1001,511.20
1004,502.20
1023,511.60
992,510.60
997,494.00
1014,503.80
1005,510.40
1010,507.00
1004,507.60
1024,512.00
1014,520.00
1016,514.80
1031,522.00
1031,531.00
1012,523.40
1004,508.80
1014,508.00
971,496.80
1001,483.00
988,495.80
988,488.00
1022,501.60
1226,603.60
1142,692.40
855,527.20
826,343.40
982,388.40
1000,489.20
1001,500.40
1023,509.80
1019,521.40
998,510.60
1059,522.40
1025,545.40
1049,534.60
1043,546.60
1066,552.20
1081,572.00
1118,595.80
1096,609.20
1137,612.40
1105,624.20
1080,595.00
1043,565.20
1019,533.40
1004,513.00
1007,505.20
980,496.20
986,482.40
986,486.00
1009,495.20
986,499.80
1017,498.40
1005,512.20
1022,511.80
1009,516.80
1002,506.20
1019,508.80
1018,518.60
1041,527.20
1001,525.00
994,498.20
1019,504.00
1018,518.60
1008,514.00
1019,512.40
1030,523.40
1033,531.20
1055,541.80
1055,555.00
1036,547.40
1028,532.80
1012,521.60
1016,513.60
1017,516.40
1008,513.40
1028,516.00
1040,532.80
1081,556.40
1278,659.80
1082,699.60
838,484.40
928,374.00
1044,474.40
1047,545.20
1044,545.80
1052,547.20
1059,554.80
1056,557.80
1071,562.00
1073,571.80
1077,574.60
1107,589.00
1105,606.20
1132,615.80
1156,641.60
1146,652.00
1136,642.00
1117,628.40
1072,599.00
1060,567.20
1026,546.40
1032,528.40
1008,522.40
1010,508.80
1012,510.80
1033,520.40
1012,524.60
1012,512.00
1034,520.80
1020,528.40
1031,524.40
1058,541.80
1012,539.60
1031,519.60
1022,527.40
998,512.40
1016,505.20
1029,521.20
1011,521.80
1029,518.20
1032,530.20
1030,531.20
1040,534.00
1031,536.40
1021,527.00
1024,522.20
994,512.00
1013,501.60
999,507.40
1012,504.20
1005,509.20
1032,515.80
1084,552.80
1298,669.60
1064,704.40
791,454.80
899,334.20
1018,446.60
998,510.00
1013,504.00
993,505.00
1048,515.00
1035,542.80
1025,531.00
1031,527.40
1053,539.80
1066,558.20
1086,574.00
1100,591.60
1124,609.60
1108,617.60
1126,615.20
1073,604.80
1070,571.80
1018,549.20
998,510.00
983,492.00
988,485.00
972,481.60
990,479.20
969,481.60
995,479.40
996,495.40
980,489.60
1006,490.40
974,493.20
1006,486.80
988,498.80
1001,493.20
993,497.80
1014,501.40
990,504.40
989,489.60
987,488.20
1008,495.40
990,500.80
995,492.00
1017,503.80
1005,512.20
1013,508.20
1014,513.40
1036,522.80
1019,529.20
1026,521.80
999,515.20
998,498.60
1007,501.60
1007,507.00
984,497.80
981,482.80
1008,491.80
1097,543.60
1337,693.00
1078,733.40
765,452.80
913,324.20
989,443.40
968,480.60
1023,490.00
1021,522.20
1014,518.20
1019,516.00
1022,520.20
1032,526.00
1040,535.20
1064,549.60
1077,569.20
1102,587.00
1116,607.60
1124,619.20
1144,632.00
1107,629.20
1069,591.80
1025,551.40
1010,519.00
989,501.60
990,489.40
981,486.40
999,488.20
1000,499.40
994,497.60
981,488.80
999,488.20
1020,507.40
965,498.00
1019,486.60
1007,514.20
1002,505.00
985,495.20
1021,499.40
1006,515.00
993,500.80
986,490.20
1007,494.40
997,503.00
998,497.40
995,496.80
990,493.00
1016,500.40
997,508.40
1008,501.40
1011,509.20
990,502.60
1014,499.60
1001,508.80
1014,506.20
1041,524.80
1032,537.40
1047,538.00
1037,543.00
1012,527.00
1014,512.80
993,505.60
1006,498.20
997,502.40
994,495.80
1006,498.80
1059,527.20
1235,629.40
1268,748.20
850,600.80
851,350.40
1008,413.80
998,504.00
997,497.60
1035,512.20
1010,525.00
1026,516.40
1033,528.80
1042,536.60
1056,547.60
1054,555.20
1070,560.40
1081,574.40
1082,581.40
1154,610.80
1130,644.40
1110,622.00
1098,605.20
1052,579.60
1019,538.80
988,506.60
1026,503.20
990,511.60
993,491.20
998,495.00
992,495.60
1009,498.80
1006,507.80
983,496.80
1024,499.40
1007,517.20
1026,514.60
997,514.40
1013,503.40
1005,509.80
1008,506.20
997,503.60
1006,500.60
1010,507.60
1006,508.40
1014,509.20
1010,512.40
995,504.00
1009,500.60
1017,512.20
1004,511.80
1025,512.40
1024,524.60
1040,530.40
1036,538.40
1024,531.20
1031,526.80
1004,520.20
1022,511.20
995,511.20
1026,507.40
1001,516.00
1018,507.80
1029,522.40
1233,610.60
1145,697.80
851,527.40
879,362.20
1004,429.00
1016,508.80
1034,523.20
1033,533.60
1035,533.80
1026,531.40
1042,532.40
1059,548.80
1078,566.60
1053,568.00
1110,575.80
1101,606.40
1115,606.60
1151,629.40
1141,647.00
1114,630.20
1088,603.60
1042,569.60
1026,535.60
1013,520.80
1012,512.60
1002,508.00
1005,503.20
1010,507.00
1021,514.40
1026,523.00
1008,518.80
1023,514.00
1018,521.00
1004,512.40
1033,515.60
1023,529.00
1016,520.20
1019,517.20
1006,513.80
1020,511.60
1012,516.80
1014,512.80
992,505.20
1012,500.00
1042,524.00
1029,536.80
1031,529.80
1042,535.40
1053,546.40
1006,534.20
1052,524.40
1001,531.60
1016,507.00
1001,510.00
1020,508.60
983,505.20
1043,507.00
1143,583.00
1275,695.80
966,651.40
816,406.00
969,377.20
1025,491.40
1017,521.80
1017,517.00
1038,525.40
1033,536.00
1061,544.20
1052,557.40
1065,557.20
1064,564.60
1071,566.80
1105,584.60
1118,610.20
1137,625.60
1119,629.80
1137,626.20
1108,625.40
1066,591.20
1045,557.60
1006,529.40
988,498.80
1031,505.20
993,515.80
1004,497.40
1024,512.00
995,512.40
1013,502.20
1004,509.40
1054,524.00
1025,542.40
1014,520.60
1007,511.20
1022,513.00
1022,522.00
1042,530.00
1007,528.00
1007,507.00
1013,509.40
1014,513.40
1026,518.80
1000,515.60
1002,500.80
1057,524.00
1034,547.80
1044,538.00
1038,541.60
1055,544.80
1008,536.20
1018,512.00
1025,520.80
994,512.60
1007,499.20
1002,505.00
1036,515.60
1055,543.60
1332,665.80
1090,735.20
832,486.80
881,351.60
1002,429.40
1012,506.00
1032,520.00
1032,532.00
1035,533.20
1023,530.20
1052,534.60
1041,547.60
1069,552.20
1068,568.60
1108,584.00
1106,607.20
1134,617.20
1124,630.00
1132,627.20
1103,620.40
1090,597.80
1023,563.20
1049,533.40
994,527.00
1009,500.00
995,503.40
1001,497.40
993,497.80
1002,496.60
995,499.20
1008,500.20
997,503.60
1016,504.60
1001,510.00
1022,509.40
1025,523.20
1008,518.20
1013,510.00
1006,510.20
1016,510.00
1019,517.20
1009,515.00
1010,509.40
1000,506.00
1011,504.40
1020,514.60
1030,524.00
1019,525.60
1008,514.60
1052,525.60
1053,552.40
1026,542.20
1021,524.00
1013,517.80
1007,510.60
996,502.60
1001,498.00
989,496.20
1033,506.60
1091,556.20
1328,685.80
1046,715.20
765,433.60
959,342.60
1007,478.20
998,503.40
1028,510.00
1021,525.20
1036,527.00
1025,531.60
1023,524.20
1043,531.00
1056,548.20
1088,568.80
1077,583.60
1116,592.60
1117,616.40
1144,627.80
1126,636.80
1108,618.80
1070,592.80
1044,559.60
999,526.00
982,492.20
1025,499.20
982,507.80
1018,496.40
984,504.40
994,488.00
1023,505.60
990,509.80
1017,500.80
1000,510.20
996,498.40
1022,506.40
1014,518.80
1012,513.20
1004,508.80
1014,508.00
995,506.40
1004,498.60
1006,504.80
1006,506.00
1009,507.20
993,502.60
1029,507.40
995,515.40
993,494.20
1033,509.00
1023,529.00
1018,521.00
1043,528.00
1020,533.80
1011,516.40
1006,509.00
1019,511.20
1001,511.80
1007,503.40
993,501.40
1016,502.20
1048,528.80
1256,631.20
1128,704.80
822,505.60
892,350.00
1006,437.60
1017,510.40
1005,512.20
1019,510.60
1024,521.00
1021,522.80
1058,535.80
1034,548.40
1040,536.40
1058,547.20
1078,566.00
1103,588.00
1115,607.80
1112,613.80
1126,617.60
1096,614.00
1074,587.20
1065,570.40
1005,541.00
1002,503.80
992,498.00
996,493.60
1000,497.60
998,499.20
972,487.60
1012,488.00
1005,509.20
1001,503.40
1023,509.80
1018,521.00
988,506.00
1017,499.60
1007,513.00
1012,509.00
1018,514.40
983,504.00
1004,491.40
990,498.40
980,486.00
1000,488.00
1000,500.00
1006,502.40
1011,508.00
1025,516.60
1020,523.00
1016,518.40
997,508.40
1004,499.80
997,501.20
1005,500.20
978,494.20
1010,490.80
1034,519.60
1167,587.20
1220,688.20
901,592.40
829,372.20
995,395.40
1018,504.20
1023,520.00
1031,526.20
1032,531.40
1005,521.20
1060,527.00
1054,557.60
1049,552.00
1066,555.80
1098,578.80
1098,598.00
1127,609.60
1142,633.00
1138,640.40
1115,628.80
1108,612.20
1066,591.20
1026,550.00
1019,523.20
1005,513.40
987,497.80
1016,498.60
1005,511.60
1007,505.80
1007,507.00
1005,506.20
1025,513.00
1012,519.80
1012,512.00
1005,509.20
1016,509.40
1021,518.00
1016,519.00
1013,514.80
1033,521.00
1010,523.80
1000,506.00
1028,511.20
1007,519.60
1025,514.20
1013,520.20
1013,513.00
1011,512.20
1022,515.40
1029,524.80
1036,531.80
1024,531.20
1064,540.00
1032,551.20
1035,533.20
1005,523.00
1005,505.00
1016,509.40
1017,516.40
1010,514.20
1055,528.00
1113,578.20
1322,696.60
996,691.60
785,411.60
998,370.20
1033,512.00
1013,525.00
1017,514.60
1032,523.00
1029,530.80
1049,537.00
1016,535.80
1031,522.00
1077,549.40
1070,574.20
1105,584.00
1114,608.60
1116,614.80
1153,630.80
1140,647.80
1096,622.40
1067,584.40
1045,558.20
1011,531.40
1030,518.60
1000,518.00
1004,501.60
998,501.60
1012,503.60
993,504.40
1005,497.80
1036,517.40
1014,527.20
1008,511.60
1024,514.40
1018,521.60
1036,525.20
1007,524.40
1022,513.00
1023,522.40
1029,525.40
1023,526.60
1029,525.40
1032,530.20
1022,528.00
1028,524.40
1043,534.00
1047,544.60
1017,535.00
1045,528.20
1025,537.00
1050,535.00
1053,551.20
1053,553.00
1078,563.00
1057,569.60
1021,542.60
1028,523.80
1019,524.40
1011,515.80
1031,519.00
1029,530.20
1032,530.20
1055,541.20
1137,587.80
1404,743.80
1046,760.80
818,454.80
993,388.00
1081,528.20
1067,575.40
1065,566.20
1078,570.20
1080,578.80
1084,581.60
1093,587.60
1110,599.80
1098,605.20
1114,604.40
1156,630.80
1175,663.60
1179,676.60
1187,682.20
1194,689.80
1140,672.40
1138,639.20
1092,619.60
1076,585.60
1055,567.60
1034,546.60
1046,538.80
1047,546.40
1041,544.60
1037,539.40
1066,548.60
1045,557.60
1045,545.00
1053,548.20
1055,553.80
1033,546.20
1057,542.60
1032,547.00
1056,541.60
1041,550.00
1029,536.20
1031,529.80
1035,532.60
1035,535.00
1033,534.20
1033,533.00
1025,529.80
1017,521.80
1038,525.40
1049,542.40
1018,536.60
1045,528.80
1057,549.80
1041,550.60
1016,531.00
1008,512.80
1008,508.00
1012,509.60
1019,514.80
995,509.40
1025,507.00
1078,546.20
1285,660.80
1038,686.20
797,441.60
947,357.00
1006,470.60
1014,509.20
1012,513.20
1023,516.40
1035,527.80
1032,533.80
1033,532.40
1036,534.20
1043,538.80
1064,551.40
1100,578.40
1114,605.60
1106,610.80
1114,609.20
1106,610.80
1098,602.80
1045,576.80
1030,539.00
1012,522.80
994,504.80
986,490.80
978,482.80
994,484.40
1012,501.20
977,498.00
966,472.60
1009,483.20
995,503.40
1011,501.40
992,503.40
992,492.00
987,490.00
1006,494.60
1000,503.60
981,492.40
994,486.20
1001,496.80
975,490.60
994,482.60
996,494.80
988,492.80
999,492.40
1017,506.20
994,507.80
1019,504.00
1023,520.60
1005,515.80
1001,503.40
977,491.40
996,484.60
987,492.40
974,481.80
984,478.00
1011,494.80
1018,513.80
1246,609.20
1124,697.20
822,503.20
849,332.80
994,407.00
992,493.20
995,493.20
1004,498.60
1022,511.20
1022,522.00
1013,518.40
1022,516.60
1049,532.80
1050,549.40
1069,557.60
1085,575.40
1104,592.60
1124,612.00
1110,618.40
1108,609.20
1093,602.00
1040,571.80
1009,527.60
994,503.00
986,490.80
985,485.60
986,485.40
966,478.00
1001,480.00
983,493.80
989,485.40
1006,495.80
1013,508.80
995,505.80
998,496.20
987,493.60
1001,492.60
984,494.20
996,488.80
968,484.80
1045,498.80
980,519.00
999,487.60
1001,499.80
985,494.60
988,486.20
1006,495.20
996,502.00
998,496.80
1023,508.00
1013,519.00
1008,511.00
1049,524.40
1024,539.00
1004,516.00
1008,505.60
988,500.00
987,487.60
1007,495.00
1002,505.00
1000,501.20
1023,509.20
1158,577.00
1294,712.40
844,614.00
790,322.40
975,364.00
998,484.20
1018,506.00
1013,516.00
1034,521.40
1014,526.00
1033,521.60
1026,530.20
1047,534.40
1089,563.80
1053,574.60
1094,569.40
1106,598.80
1122,612.40
1140,629.20
1131,636.40
1080,610.60
1071,576.40
1024,552.20
1012,519.20
1009,510.80
1001,505.80
988,495.80
1013,498.00
981,500.20
1014,494.20
1005,510.40
1001,503.40
1013,505.80
1026,518.20
1028,526.80
998,516.00
998,498.00
1025,508.80
1011,519.40
995,504.60
1009,500.60
1016,511.80
1001,510.00
1019,508.20
997,510.20
1021,506.60
1011,517.00
1014,512.20
1016,514.80
1019,517.20
1033,524.60
1012,524.60
1018,514.40
1043,528.00
1034,539.40
1053,541.60
1047,550.60
1052,549.00
1008,534.40
1009,508.40
1008,508.60
997,503.60
1025,508.20
1012,519.80
1035,521.20
1096,559.40
1349,697.20
1129,761.00
757,480.20
966,340.60
983,472.80
1017,496.60
1026,520.60
1006,518.00
1033,516.80
1019,527.40
1036,525.80
1053,542.80
1077,562.60
1059,569.80
1082,568.20
1095,587.20
1128,608.20
1134,630.40
1121,628.80
1124,622.20
1065,600.40
1042,555.80
1031,537.60
1026,529.00
998,514.80
1013,504.00
994,505.40
1007,499.20
997,503.00
1016,504.60
1012,514.40
1012,512.00
1031,519.60
994,516.20
1024,506.00
1004,516.00
1025,512.40
1035,529.00
1021,529.40
1014,518.20
1006,510.80
1012,508.40
1022,516.00
1006,515.60
1022,512.40
1018,520.40
1000,510.80
1006,502.40
1002,504.40
1009,504.80
1001,505.80
1038,515.80
1034,536.40
1002,521.20
1021,509.60
1028,523.80
1018,524.00
1042,527.60
1031,537.60
1046,537.00
1026,538.00
1010,519.60
995,504.00
1010,501.00
1005,508.00
1038,518.20
1030,534.80
1216,604.40
1217,716.40
905,592.20
810,367.00
978,377.20
1000,486.80
1021,508.40
1029,524.20
1030,529.40
1017,524.80
1042,527.00
1030,537.20
1057,540.80
1053,555.40
1080,563.80
1078,579.20
1105,588.80
1133,616.20
1118,627.00
1124,620.40
1089,610.00
1060,577.40
1033,549.20
1014,525.40
987,503.20
1001,492.60
1004,502.20
997,501.20
977,489.00
995,484.20
1001,497.40
1008,503.80
996,503.20
1005,499.60
1004,504.60
1007,505.20
987,499.00
1017,499.00
1021,518.60
974,502.20
1008,487.60
990,500.80
1005,496.00
1002,503.80
1006,503.60
1011,508.00
1014,512.20
1001,508.80
1026,511.00
1010,519.60
1045,524.00
1033,540.20
1020,527.80
1017,518.80
988,505.40
1005,494.80
1005,505.00
993,500.20
1014,501.40
1000,508.40
1117,546.80
1278,681.40
1026,677.20
802,436.40
947,360.00
1030,480.20
1010,522.00
1029,517.60
1045,535.40
1025,537.00
1044,532.60
1054,548.00
1071,560.80
1054,564.20
1086,566.80
1094,589.20
1114,602.00
1144,626.00
1152,647.20
1149,650.80
1116,635.80
1077,600.40
1050,566.20
1030,542.00
1026,528.40
1025,525.60
1011,519.40
1026,517.00
1011,520.00
1011,511.00
1036,521.00
1026,532.00
1042,532.40
1041,541.60
1040,540.60
1025,534.00
1010,519.00
1050,526.00
1034,543.60
1038,535.60
1026,533.20
1047,534.40
1018,535.40
1042,527.60
1043,542.40
1049,545.40
1054,551.00
1064,558.00
1073,567.60
1090,579.80
1057,576.80
1064,559.80
1032,551.20
1024,528.80
1048,533.60
1022,537.60
1045,531.20
1088,562.20
1193,630.00
1301,736.20
922,649.40
829,384.80
1017,404.20
1045,528.20
1080,559.00
1047,566.80
1052,549.00
1077,562.00
1056,568.60
1088,568.80
1080,584.80
1098,587.20
1113,604.00
1139,623.40
1146,641.80
1180,659.60
1180,680.00
1165,674.00
1134,652.60
1078,611.60
1083,580.00
1041,566.20
1033,537.80
1021,528.20
1033,525.80
1023,529.00
1041,530.20
1030,536.60
1034,531.60
1055,542.40
1033,546.20
1042,536.60
1029,536.80
1033,530.60
1044,537.40
1030,538.40
1035,532.00
1033,534.20
1013,525.00
1014,513.40
1035,522.40
1022,529.80
1021,521.60
1021,521.00
1045,530.60
1022,535.80
1042,530.00
1042,542.00
1033,538.40
1045,537.80
1038,542.20
1032,535.60
1013,524.40
1008,511.00
985,498.80
1012,495.80
995,505.20
1010,501.00
1043,523.20
1242,622.60
1244,742.80
812,571.20
828,318.40
996,395.20
1000,497.60
995,498.00
1025,507.00
1009,518.60
1030,517.40
1021,526.40
1030,524.60
1030,530.00
1047,536.80
1070,556.20
1093,579.20
1092,592.60
1106,597.60
1116,610.00
1104,611.20
1095,600.40
1022,565.80
993,510.40
996,494.20
977,488.40
974,475.80
984,478.00
953,471.60
982,464.60
986,483.60
986,486.00
988,486.80
1013,498.00
988,503.00
973,482.00
1008,487.00
984,498.40
1004,492.00
978,493.60
986,481.20
985,485.60
985,485.00
982,483.80
980,481.20
1016,494.40
966,496.00
999,479.20
980,491.40
995,486.00
1004,498.60
985,496.40
1007,493.80
992,501.00
1010,499.20
1014,511.60
1013,513.60
1026,518.20
1012,520.40
998,506.40
1013,504.00
981,500.20
1004,490.20
977,493.20
983,479.40
1018,497.00
1021,519.20
1236,607.00
1178,712.80
824,536.40
845,332.40
990,403.00
984,487.60
1004,492.00
1006,504.80
1034,517.20
999,520.00
1026,509.80
1037,530.40
1024,531.80
1034,528.00
1067,547.20
1089,575.80
1094,591.00
1120,604.40
1091,608.40
1133,607.80
1079,611.40
1049,567.00
1032,542.20
1005,521.20
978,494.20
988,482.00
995,490.80
977,487.80
978,477.40
1007,489.60
1001,504.60
1006,503.00
1005,505.60
984,496.60
1011,494.80
1000,506.60
993,497.20
1018,503.00
1008,514.00
983,498.00
993,487.00
998,495.00
989,494.40
995,491.40
1008,500.20
1005,506.80
1016,509.40
1014,515.20
1022,517.20
1033,526.40
1040,535.80
1037,538.80
1000,522.20
1005,502.00
998,502.20
996,497.20
1000,497.60
976,490.40
981,478.00
1028,499.80
1246,615.20
1006,650.00
778,414.80
906,329.20
987,438.40
995,490.20
1006,499.40
1007,506.40
1029,515.80
1033,530.60
1035,533.80
1048,540.20
1065,554.80
1076,569.40
1088,580.80
1107,595.60
1128,615.40
1142,633.60
1124,634.80
1127,625.20
1085,610.20
1062,575.80
1026,547.60
1030,527.60
1004,519.60
1021,510.80
1006,515.00
1012,508.40
1023,516.40
1025,523.80
1007,517.80
1011,508.60
1006,509.00
1020,511.60
1028,523.20
1007,519.60
1012,509.00
1017,514.00
1006,512.60
1016,510.00
1020,517.60
1012,516.80
1019,514.80
1064,537.00
1056,560.80
1041,550.00
1044,542.20
1032,539.20
1030,531.20
1034,531.60
1013,525.60
1036,522.20
998,520.80
1004,500.40
1040,518.40
1064,549.60
1332,671.20
1104,740.80
800,482.40
926,350.40
1010,459.60
1013,511.20
1034,521.40
1034,534.00
1034,534.00
1061,544.80
1045,554.60
1065,553.00
1060,563.00
1083,569.20
1100,589.80
1116,606.40
1154,631.20
1129,644.00
1139,633.00
1116,629.80
1083,602.80
1059,573.40
1018,542.60
996,509.20
1001,498.00
993,497.80
1006,498.20
1014,509.20
1014,514.00
977,499.20
981,478.60
994,486.20
996,494.80
1001,498.00
996,499.00
1006,500.00
1000,503.60
1007,502.80
1001,504.60
1021,509.00
1013,517.80
1022,516.60
1004,514.80
1028,513.60
1004,518.40
1022,511.20
1034,526.80
1036,534.80
1053,542.80
1034,545.40
1031,532.80
1028,529.80
1014,522.40
1007,511.20
997,503.00
1004,499.80
1023,511.60
1084,547.40
1319,678.00
1152,752.20
771,499.60
914,328.20
987,443.20
1004,493.80
1013,507.60
1022,516.60
1032,526.00
1022,528.00
1046,531.60
1044,545.20
1054,548.00
1064,558.00
1090,574.40
1107,596.80
1145,622.20
1127,637.80
1158,639.40
1110,638.80
1071,594.40
1029,554.20
1019,525.00
996,509.80
996,496.00
1012,502.40
982,500.00
995,487.20
989,492.60
986,487.80
1008,494.80
1010,508.80
1000,506.00
1006,502.40
1019,511.20
1006,513.80
1011,508.00
1016,513.00
1012,514.40
1000,507.20
990,496.00
1019,501.60
1002,512.20
994,498.80
996,494.80
1014,503.20
1019,516.00
1043,528.60
1029,537.40
1026,527.80
1054,537.20
1022,541.20
1035,527.20
1021,529.40
1013,517.80
1018,515.00
1005,512.80
1012,507.80
1005,509.20
1054,524.60
1301,652.80
1222,769.40
843,570.40
896,364.20
1022,446.40
997,512.00
1019,505.80
1029,523.00
1010,521.40
1055,528.00
1040,549.00
1054,545.60
1044,550.00
1046,544.80
1064,553.20
1106,580.80
1131,616.00
1116,625.00
1132,622.40
1116,625.60
1091,606.00
1052,575.40
1032,544.00
1012,524.00
1004,508.80
1012,507.20
1004,508.80
1001,502.80
1005,502.60
1008,506.20
1012,509.60
1022,516.00
1001,513.60
1029,512.20
1019,525.00
1031,523.80
1013,523.80
1036,522.20
1021,530.00
1036,527.00
1021,530.00
1014,518.20
1033,521.60
1047,538.60
1053,549.40
1054,553.40
1048,551.60
1059,552.40
1066,561.80
1071,568.00
1053,563.80
1066,558.20
1029,551.20
1029,529.00
1060,541.40
1033,549.20
1076,550.20
1180,617.60
1294,725.60
1002,677.20
903,462.40
1033,455.00
1044,537.40
1069,554.00
1085,575.40
1089,586.60
1092,590.20
1130,607.20
1105,620.00
1090,599.00
1145,612.00
1117,633.80
1188,645.40
1189,688.40
1199,693.00
1199,699.00
1174,689.00
1166,670.80
1130,651.60
1106,620.40
1076,594.00
1083,578.80
1074,579.40
1061,568.80
1059,560.20
1090,571.40
1060,578.00
1084,569.60
1090,586.40
1071,582.40
1064,568.20
1085,572.40
1067,577.80
1076,570.60
1065,571.60
1066,565.40
1044,557.20
1057,549.20
1078,565.40
1074,576.40
1053,565.60
1071,560.20
1096,581.00
1088,592.80
1055,574.80
1069,560.60
1055,563.40
1050,553.00
1043,547.20
1049,545.40
1053,550.60
1097,570.60
1300,678.20
1100,720.00
869,507.60
902,382.20
1050,461.20
1047,548.80
1066,554.60
1043,556.80
1047,544.60
1066,554.60
1076,570.00
1094,583.20
1086,590.80
1102,592.40
1108,604.40
1141,621.20
1121,633.00
1145,630.60
1131,639.40
1107,621.40
1071,592.60
1041,559.00
1026,535.00
1014,521.20
976,498.80
1014,491.20
1017,515.20
1012,515.00
999,506.80
990,495.40
966,480.40
1001,480.00
1000,500.60
1004,501.60
995,500.40
996,495.40
983,490.80
993,487.00
1001,496.20
971,489.00
975,472.60
966,471.40
950,459.60
968,457.20
978,472.00
942,463.60
983,458.40
966,476.20
984,473.20
957,473.20
964,459.80
977,469.20
997,485.00
980,490.20
988,483.20
990,488.80
1040,510.00
1253,625.20
1165,717.80
821,527.40
834,326.20
1006,402.80
1002,504.40
1009,504.80
1000,505.40
1033,513.20
1025,529.80
1029,526.60
1040,533.40
1049,543.60
1042,546.20
1077,556.00
1105,588.20
1101,603.40
1132,613.40
1134,632.80
1081,612.80
1071,577.00
1029,554.20
985,511.40
989,486.60
966,479.80
976,470.00
968,472.80
990,476.80
969,481.60
981,473.80
960,472.60
989,471.60
975,483.40
1001,485.40
994,498.20
978,487.60
981,479.20
972,477.40
988,478.40
988,488.00
981,485.20
983,481.80
962,474.60
983,470.40
977,480.60
1004,487.80
972,491.20
1014,488.80
1004,510.00
1019,510.00
989,507.00
970,481.40
993,479.20
957,478.60
976,464.60
966,472.00
953,460.80
1007,474.60
1042,521.00
1253,626.40
1146,710.20
708,470.80
867,271.60
977,411.00
981,478.60
974,478.20
987,479.20
1005,494.20
994,500.60
1020,504.40
1013,517.20
1023,517.00
1041,530.20
1050,544.60
1057,552.80
1101,574.60
1052,581.40
1079,562.80
1044,565.00
1026,536.80
987,510.40
969,479.80
958,464.60
935,448.80
965,447.00
953,460.20
965,457.80
965,465.00
972,467.80
952,464.00
1004,472.80
969,490.00
995,479.40
987,491.80
983,485.40
977,480.60
988,481.40
995,490.80
968,484.20
1009,484.40
990,501.40
972,482.80
995,481.20
1002,497.80
989,496.80
948,472.60
954,450.40
932,445.20
952,440.00
923,440.40
970,441.80
968,469.20
981,473.20
1000,488.60
1010,504.00
1000,506.00
978,491.20
1010,490.80
1005,508.00
993,500.20
997,494.60
1016,504.60
1023,518.80
1136,568.20
1238,676.80
954,624.40
819,400.00
980,383.40
1016,494.40
1011,514.00
1025,516.60
1033,528.20
1054,541.40
1046,550.80
1053,548.80
1054,553.40
1068,559.60
1102,581.60
1097,600.00
1110,602.20
1144,623.60
1136,640.80
1122,630.40
1106,615.60
1058,586.80
1055,556.80
1034,546.60
1031,532.80
996,517.00
1012,502.40
990,503.20
1010,498.00
1014,511.60
1019,516.00
1023,520.60
1023,523.00
1019,521.40
1023,520.60
1029,525.40
1004,519.00
1021,510.80
1012,517.40
1012,512.00
1016,513.60
1008,512.80
1021,513.20
1018,519.80
1032,523.60
1033,532.40
1029,531.40
1066,543.80
1041,556.00
1025,534.60
987,509.80
1010,496.20
1007,508.80
1012,509.00
1025,517.20
1020,523.00
1066,538.40
1269,647.20
1127,712.20
837,511.00
897,361.00
1026,448.60
1008,518.80
1028,516.00
1042,533.60
1028,536.40
1059,540.40
1046,553.80
1057,550.40
1080,566.20
1070,576.00
1089,577.60
1133,606.60
1129,631.40
1143,634.60
1143,643.00
1114,631.40
1080,600.40
1054,569.60
1007,535.20
1024,513.80
997,513.20
1007,501.00
994,501.80
995,494.40
999,496.60
1006,501.80
1011,508.00
1023,515.80
994,511.40
1013,501.60
1009,511.40
1006,507.80
1001,504.00
1011,505.00
1010,510.60
990,502.00
995,492.00
995,495.00
984,490.60
1002,491.20
1034,514.80
1013,525.60
996,506.20
981,490.00
981,481.00
956,471.00
983,466.80
947,468.60
948,447.40
939,444.40
954,445.00
950,452.40
978,461.20
1007,489.60
1118,551.40
1276,681.20
882,618.40
718,316.40
937,305.60
976,452.60
975,475.60
983,478.20
978,481.00
1006,489.20
1025,513.60
1034,528.60
1074,550.00
1054,566.00
1077,563.20
1124,595.80
1126,624.80
1170,643.60
1174,671.60
1173,673.60
1184,677.40
1104,652.00
1080,594.40
1067,574.80
1067,567.00
1042,557.00
1042,542.00
1038,540.40
1044,540.40
1060,550.40
1050,556.00
1059,553.60
1056,557.80
1038,548.80
1052,543.60
1061,555.60
1055,558.60
1058,556.20
1064,560.40
1053,559.60
1033,545.00
1041,536.20
1057,547.40
1030,546.20
1034,531.60
1055,542.40
1045,551.00
1082,559.80
1050,569.20
1066,556.40
1066,566.00
1019,547.20
1041,527.80
1035,538.60
1020,529.00
1038,527.20
1033,536.00
1078,551.00
1230,638.80
1298,757.20
865,624.80
838,354.20
1034,416.40
1047,539.20
1034,541.80
1043,537.60
1021,534.20
1088,547.80
1049,572.40
1064,555.00
1077,569.20
1078,577.40
1071,575.20
1120,590.60
1132,624.80
1136,633.60
1151,642.00
1122,639.40
1072,602.00
1021,551.60
1000,512.60
961,484.40
940,452.60
936,438.40
911,426.00
930,418.60
940,434.00
962,448.80
964,462.80
962,463.20
984,470.80
995,488.40
1011,501.40
1007,509.40
1019,511.80
1017,518.20
983,503.40
1019,497.40
1007,514.20
1019,511.80
1020,519.40
1007,514.80
1045,522.20
1043,544.20
1029,537.40
1049,537.00
1046,547.80
1042,544.40
1024,534.80
1018,521.60
974,500.40
976,474.80
977,476.40
975,476.20
996,483.40
1050,517.60
1258,633.20
1072,683.60
828,474.40
878,348.00
1018,434.00
1012,515.60
1024,516.80
1034,528.00
1041,536.80
1057,547.40
1059,557.80
1058,558.60
1074,564.40
1079,576.00
1095,585.40
1140,613.00
1140,640.00
1137,638.80
1130,634.20
1121,626.40
1077,603.40
1074,575.80
1036,558.80
1007,524.40
1016,510.60
986,504.00
1016,498.00
1014,515.20
1007,511.20
1008,507.40
1021,513.20
1017,519.40
1012,515.00
1030,519.20
1031,530.40
1019,526.20
1008,514.60
1011,509.20
1004,508.20
1012,507.20
1017,514.00
1044,527.80
1036,540.80
1038,536.80
1032,535.60
1038,534.40
1007,525.60
1005,506.20
1002,503.80
1012,506.00
995,505.20
1004,498.60
1008,505.60
1149,564.40
1239,685.00
927,614.20
816,382.60
960,373.60
999,475.60
1007,502.20
1026,514.60
1019,523.20
1018,518.60
1036,525.20
1041,538.00
1028,535.80
1042,533.60
1077,556.00
1086,580.60
1103,592.80
1130,613.80
1142,634.80
1100,625.20
1098,599.20
1076,589.20
1047,564.40
1009,531.80
1016,511.80
985,503.60
1006,493.40
1010,507.60
1005,508.00
1002,503.80
1026,511.60
1008,518.80
1032,517.60
1009,522.80
1036,519.80
1014,527.20
1032,521.20
1018,526.40
1030,522.80
1006,520.40
1035,517.60
1035,535.00
1057,543.80
1073,563.40
1065,569.80
1069,566.60
1037,556.20
1033,535.40
1016,526.20
999,509.20
1040,515.40
1019,531.60
1025,521.40
1142,571.80
1320,713.20
958,675.20
802,395.60
986,375.60
1009,495.20
1031,517.80
1038,533.80
1032,535.60
1044,536.80
1045,544.40
1043,544.20
1070,553.80
1086,576.40
1047,570.40
1103,569.40
1134,615.40
1153,641.60
1151,652.20
1130,642.60
1091,614.40
1071,583.00
1052,563.40
1030,543.20
1006,520.40
1007,506.40
985,498.20
1011,495.40
986,501.00
1018,498.80
1017,517.60
1016,516.60
1005,511.60
1009,506.60
1040,521.40
1000,524.00
1013,505.20
1024,517.40
1018,521.60
1000,510.80
1018,507.20
1012,515.60
1043,524.40
1013,531.00
1043,525.00
1028,537.00
1041,533.20
1044,542.20
1021,534.80
1024,522.20
1000,514.40
995,498.00
1010,501.00
1001,506.40
1042,517.40
1161,589.60
1283,709.80
923,639.00
774,363.40
989,360.00
1014,499.00
1005,510.40
1036,517.40
1004,523.20
1035,516.40
1031,533.40
1046,537.00
1052,548.40
1066,557.60
1069,567.20
1112,586.20
1106,609.60
1136,618.00
1142,638.40
1133,638.40
1101,620.20
1061,585.00
1038,551.80
1000,522.80
986,494.40
1013,496.80
999,507.40
1000,499.40
1006,502.40
1019,511.20
980,503.40
994,485.60
1013,501.60
1014,513.40
1002,509.20
1007,504.00
990,500.20
1006,496.40
1013,508.80
995,505.80
995,495.00
1033,510.20
998,519.00
1008,502.00
995,502.80
993,494.20
1019,503.40
1030,523.40
1018,525.20
1033,524.00
1033,533.00
1012,524.60
1006,509.60
1006,506.00
1005,505.60
988,498.20
1001,493.20
1010,504.60
1017,512.80
1124,559.80
1281,686.80
927,639.40
779,367.80
972,356.20
1004,484.80
1001,502.80
1007,503.40